Republican EVs,Democrat EVs,Outcome,Electoral Margin,Binned Margin,Sample
323,215,Trump Wins,108,110,1
272,266,Trump Wins,6,10,1
287,251,Trump Wins,36,40,1
298,240,Trump Wins,58,60,1
319,219,Trump Wins,100,105,1
273,265,Trump Wins,8,10,2
321,217,Trump Wins,104,105,2
304,234,Trump Wins,70,75,1
289,249,Trump Wins,40,45,1
312,226,Trump Wins,86,90,1
297,241,Trump Wins,56,60,2
270,268,Trump Wins,2,5,1
287,251,Trump Wins,36,40,2
276,262,Trump Wins,14,15,1
292,246,Trump Wins,46,50,1
278,260,Trump Wins,18,20,1
270,268,Trump Wins,2,5,2
276,262,Trump Wins,14,15,2
273,265,Trump Wins,8,10,3
283,255,Trump Wins,28,30,1
295,243,Trump Wins,52,55,1
272,266,Trump Wins,6,10,4
281,257,Trump Wins,24,25,1
306,232,Trump Wins,74,75,2
306,232,Trump Wins,74,75,3
312,226,Trump Wins,86,90,2
298,240,Trump Wins,58,60,3
281,257,Trump Wins,24,25,2
296,242,Trump Wins,54,55,2
301,237,Trump Wins,64,65,1
291,247,Trump Wins,44,45,2
286,252,Trump Wins,34,35,1
300,238,Trump Wins,62,65,2
299,239,Trump Wins,60,65,3
298,240,Trump Wins,58,60,4
315,223,Trump Wins,92,95,1
294,244,Trump Wins,50,55,3
313,225,Trump Wins,88,90,3
284,254,Trump Wins,30,35,2
275,263,Trump Wins,12,15,3
271,267,Trump Wins,4,5,3
281,257,Trump Wins,24,25,3
292,246,Trump Wins,46,50,2
276,262,Trump Wins,14,15,4
285,253,Trump Wins,32,35,3
291,247,Trump Wins,44,45,3
273,265,Trump Wins,8,10,5
320,218,Trump Wins,102,105,3
281,257,Trump Wins,24,25,4
291,247,Trump Wins,44,45,4
275,263,Trump Wins,12,15,5
275,263,Trump Wins,12,15,6
287,251,Trump Wins,36,40,3
275,263,Trump Wins,12,15,7
319,219,Trump Wins,100,105,4
271,267,Trump Wins,4,5,4
282,256,Trump Wins,26,30,2
277,261,Trump Wins,16,20,2
317,221,Trump Wins,96,100,1
320,218,Trump Wins,102,105,5
297,241,Trump Wins,56,60,5
275,263,Trump Wins,12,15,8
291,247,Trump Wins,44,45,5
270,268,Trump Wins,2,5,5
278,260,Trump Wins,18,20,3
271,267,Trump Wins,4,5,6
270,268,Trump Wins,2,5,7
287,251,Trump Wins,36,40,4
290,248,Trump Wins,42,45,6
281,257,Trump Wins,24,25,5
297,241,Trump Wins,56,60,6
287,251,Trump Wins,36,40,5
314,224,Trump Wins,90,95,2
272,266,Trump Wins,6,10,6
284,254,Trump Wins,30,35,4
282,256,Trump Wins,26,30,3
281,257,Trump Wins,24,25,6
277,261,Trump Wins,16,20,4
327,211,Trump Wins,116,120,1
297,241,Trump Wins,56,60,7
297,241,Trump Wins,56,60,8
302,236,Trump Wins,66,70,1
322,216,Trump Wins,106,110,2
287,251,Trump Wins,36,40,6
289,249,Trump Wins,40,45,7
284,254,Trump Wins,30,35,5
284,254,Trump Wins,30,35,6
287,251,Trump Wins,36,40,7
270,268,Trump Wins,2,5,8
280,258,Trump Wins,22,25,7
286,252,Trump Wins,34,35,7
273,265,Trump Wins,8,10,7
300,238,Trump Wins,62,65,4
285,253,Trump Wins,32,35,8
277,261,Trump Wins,16,20,5
285,253,Trump Wins,32,35,9
308,230,Trump Wins,78,80,1
303,235,Trump Wins,68,70,2
294,244,Trump Wins,50,55,4
317,221,Trump Wins,96,100,2
270,268,Trump Wins,2,5,9
281,257,Trump Wins,24,25,8
299,239,Trump Wins,60,65,5
280,258,Trump Wins,22,25,9
289,249,Trump Wins,40,45,8
283,255,Trump Wins,28,30,4
273,265,Trump Wins,8,10,8
293,245,Trump Wins,48,50,3
295,243,Trump Wins,52,55,5
312,226,Trump Wins,86,90,4
278,260,Trump Wins,18,20,6
270,268,Trump Wins,2,5,10
296,242,Trump Wins,54,55,6
287,251,Trump Wins,36,40,8
304,234,Trump Wins,70,75,4
286,252,Trump Wins,34,35,10
282,256,Trump Wins,26,30,5
273,265,Trump Wins,8,10,9
312,226,Trump Wins,86,90,5
289,249,Trump Wins,40,45,9
298,240,Trump Wins,58,60,9
309,229,Trump Wins,80,85,1
286,252,Trump Wins,34,35,11
288,250,Trump Wins,38,40,9
286,252,Trump Wins,34,35,12
302,236,Trump Wins,66,70,3
293,245,Trump Wins,48,50,4
271,267,Trump Wins,4,5,11
284,254,Trump Wins,30,35,13
312,226,Trump Wins,86,90,6
270,268,Trump Wins,2,5,12
300,238,Trump Wins,62,65,6
287,251,Trump Wins,36,40,10
291,247,Trump Wins,44,45,10
270,268,Trump Wins,2,5,13
286,252,Trump Wins,34,35,14
276,262,Trump Wins,14,15,9
270,268,Trump Wins,2,5,14
276,262,Trump Wins,14,15,10
278,260,Trump Wins,18,20,7
277,261,Trump Wins,16,20,8
271,267,Trump Wins,4,5,15
287,251,Trump Wins,36,40,11
281,257,Trump Wins,24,25,10
283,255,Trump Wins,28,30,6
296,242,Trump Wins,54,55,7
281,257,Trump Wins,24,25,11
278,260,Trump Wins,18,20,9
288,250,Trump Wins,38,40,12
282,256,Trump Wins,26,30,7
314,224,Trump Wins,90,95,3
286,252,Trump Wins,34,35,15
287,251,Trump Wins,36,40,13
285,253,Trump Wins,32,35,16
272,266,Trump Wins,6,10,10
289,249,Trump Wins,40,45,11
283,255,Trump Wins,28,30,8
273,265,Trump Wins,8,10,11
302,236,Trump Wins,66,70,4
270,268,Trump Wins,2,5,16
297,241,Trump Wins,56,60,10
299,239,Trump Wins,60,65,7
276,262,Trump Wins,14,15,11
283,255,Trump Wins,28,30,9
286,252,Trump Wins,34,35,17
292,246,Trump Wins,46,50,5
297,241,Trump Wins,56,60,11
285,253,Trump Wins,32,35,18
290,248,Trump Wins,42,45,12
270,268,Trump Wins,2,5,17
291,247,Trump Wins,44,45,13
280,258,Trump Wins,22,25,12
297,241,Trump Wins,56,60,12
291,247,Trump Wins,44,45,14
306,232,Trump Wins,74,75,5
300,238,Trump Wins,62,65,8
291,247,Trump Wins,44,45,15
272,266,Trump Wins,6,10,12
281,257,Trump Wins,24,25,13
299,239,Trump Wins,60,65,9
303,235,Trump Wins,68,70,5
287,251,Trump Wins,36,40,14
312,226,Trump Wins,86,90,7
296,242,Trump Wins,54,55,8
296,242,Trump Wins,54,55,9
290,248,Trump Wins,42,45,16
304,234,Trump Wins,70,75,6
295,243,Trump Wins,52,55,10
278,260,Trump Wins,18,20,10
286,252,Trump Wins,34,35,19
287,251,Trump Wins,36,40,15
296,242,Trump Wins,54,55,11
286,252,Trump Wins,34,35,20
286,252,Trump Wins,34,35,21
272,266,Trump Wins,6,10,13
286,252,Trump Wins,34,35,22
297,241,Trump Wins,56,60,13
283,255,Trump Wins,28,30,10
274,264,Trump Wins,10,15,12
298,240,Trump Wins,58,60,14
292,246,Trump Wins,46,50,6
289,249,Trump Wins,40,45,17
274,264,Trump Wins,10,15,13
282,256,Trump Wins,26,30,11
284,254,Trump Wins,30,35,23
288,250,Trump Wins,38,40,16
306,232,Trump Wins,74,75,7
280,258,Trump Wins,22,25,14
286,252,Trump Wins,34,35,24
301,237,Trump Wins,64,65,10
291,247,Trump Wins,44,45,18
306,232,Trump Wins,74,75,8
303,235,Trump Wins,68,70,6
287,251,Trump Wins,36,40,17
298,240,Trump Wins,58,60,15
280,258,Trump Wins,22,25,15
299,239,Trump Wins,60,65,11
303,235,Trump Wins,68,70,7
274,264,Trump Wins,10,15,14
270,268,Trump Wins,2,5,18
325,213,Trump Wins,112,115,1
276,262,Trump Wins,14,15,15
297,241,Trump Wins,56,60,16
310,228,Trump Wins,82,85,2
281,257,Trump Wins,24,25,16
277,261,Trump Wins,16,20,11
288,250,Trump Wins,38,40,18
271,267,Trump Wins,4,5,19
282,256,Trump Wins,26,30,12
291,247,Trump Wins,44,45,19
272,266,Trump Wins,6,10,14
288,250,Trump Wins,38,40,19
285,253,Trump Wins,32,35,25
271,267,Trump Wins,4,5,20
313,225,Trump Wins,88,90,8
273,265,Trump Wins,8,10,15
271,267,Trump Wins,4,5,21
285,253,Trump Wins,32,35,26
271,267,Trump Wins,4,5,22
276,262,Trump Wins,14,15,16
277,261,Trump Wins,16,20,12
281,257,Trump Wins,24,25,17
280,258,Trump Wins,22,25,18
270,268,Trump Wins,2,5,23
289,249,Trump Wins,40,45,20
279,259,Trump Wins,20,25,19
298,240,Trump Wins,58,60,17
287,251,Trump Wins,36,40,20
287,251,Trump Wins,36,40,21
271,267,Trump Wins,4,5,24
314,224,Trump Wins,90,95,4
291,247,Trump Wins,44,45,21
312,226,Trump Wins,86,90,9
276,262,Trump Wins,14,15,17
271,267,Trump Wins,4,5,25
306,232,Trump Wins,74,75,9
289,249,Trump Wins,40,45,22
280,258,Trump Wins,22,25,20
302,236,Trump Wins,66,70,8
287,251,Trump Wins,36,40,22
271,267,Trump Wins,4,5,26
291,247,Trump Wins,44,45,23
270,268,Trump Wins,2,5,27
291,247,Trump Wins,44,45,24
281,257,Trump Wins,24,25,21
276,262,Trump Wins,14,15,18
296,242,Trump Wins,54,55,12
272,266,Trump Wins,6,10,16
293,245,Trump Wins,48,50,7
271,267,Trump Wins,4,5,28
278,260,Trump Wins,18,20,13
295,243,Trump Wins,52,55,13
281,257,Trump Wins,24,25,22
286,252,Trump Wins,34,35,27
273,265,Trump Wins,8,10,17
281,257,Trump Wins,24,25,23
298,240,Trump Wins,58,60,18
276,262,Trump Wins,14,15,19
281,257,Trump Wins,24,25,24
299,239,Trump Wins,60,65,12
278,260,Trump Wins,18,20,14
295,243,Trump Wins,52,55,14
291,247,Trump Wins,44,45,25
287,251,Trump Wins,36,40,23
278,260,Trump Wins,18,20,15
281,257,Trump Wins,24,25,25
296,242,Trump Wins,54,55,15
275,263,Trump Wins,12,15,20
331,207,Trump Wins,124,125,1
275,263,Trump Wins,12,15,21
293,245,Trump Wins,48,50,8
280,258,Trump Wins,22,25,26
315,223,Trump Wins,92,95,5
316,222,Trump Wins,94,95,6
274,264,Trump Wins,10,15,22
279,259,Trump Wins,20,25,27
298,240,Trump Wins,58,60,19
297,241,Trump Wins,56,60,20
272,266,Trump Wins,6,10,18
295,243,Trump Wins,52,55,16
271,267,Trump Wins,4,5,29
278,260,Trump Wins,18,20,16
277,261,Trump Wins,16,20,17
274,264,Trump Wins,10,15,23
282,256,Trump Wins,26,30,13
298,240,Trump Wins,58,60,21
275,263,Trump Wins,12,15,24
295,243,Trump Wins,52,55,17
278,260,Trump Wins,18,20,18
271,267,Trump Wins,4,5,30
291,247,Trump Wins,44,45,26
270,268,Trump Wins,2,5,31
293,245,Trump Wins,48,50,9
277,261,Trump Wins,16,20,19
297,241,Trump Wins,56,60,22
280,258,Trump Wins,22,25,28
292,246,Trump Wins,46,50,10
281,257,Trump Wins,24,25,29
281,257,Trump Wins,24,25,30
278,260,Trump Wins,18,20,20
271,267,Trump Wins,4,5,32
270,268,Trump Wins,2,5,33
286,252,Trump Wins,34,35,28
271,267,Trump Wins,4,5,34
275,263,Trump Wins,12,15,25
279,259,Trump Wins,20,25,31
286,252,Trump Wins,34,35,29
276,262,Trump Wins,14,15,26
295,243,Trump Wins,52,55,18
281,257,Trump Wins,24,25,32
277,261,Trump Wins,16,20,21
277,261,Trump Wins,16,20,22
272,266,Trump Wins,6,10,19
283,255,Trump Wins,28,30,14
270,268,Trump Wins,2,5,35
297,241,Trump Wins,56,60,23
281,257,Trump Wins,24,25,33
273,265,Trump Wins,8,10,20
322,216,Trump Wins,106,110,3
281,257,Trump Wins,24,25,34
294,244,Trump Wins,50,55,19
284,254,Trump Wins,30,35,30
291,247,Trump Wins,44,45,27
277,261,Trump Wins,16,20,23
302,236,Trump Wins,66,70,9
293,245,Trump Wins,48,50,11
276,262,Trump Wins,14,15,27
316,222,Trump Wins,94,95,7
295,243,Trump Wins,52,55,20
297,241,Trump Wins,56,60,24
279,259,Trump Wins,20,25,35
297,241,Trump Wins,56,60,25
312,226,Trump Wins,86,90,10
303,235,Trump Wins,68,70,10
297,241,Trump Wins,56,60,26
278,260,Trump Wins,18,20,24
281,257,Trump Wins,24,25,36
281,257,Trump Wins,24,25,37
276,262,Trump Wins,14,15,28
312,226,Trump Wins,86,90,11
272,266,Trump Wins,6,10,21
270,268,Trump Wins,2,5,36
272,266,Trump Wins,6,10,22
301,237,Trump Wins,64,65,13
277,261,Trump Wins,16,20,25
273,265,Trump Wins,8,10,23
271,267,Trump Wins,4,5,37
296,242,Trump Wins,54,55,21
280,258,Trump Wins,22,25,38
303,235,Trump Wins,68,70,11
279,259,Trump Wins,20,25,39
293,245,Trump Wins,48,50,12
272,266,Trump Wins,6,10,24
294,244,Trump Wins,50,55,22
287,251,Trump Wins,36,40,24
281,257,Trump Wins,24,25,40
293,245,Trump Wins,48,50,13
281,257,Trump Wins,24,25,41
271,267,Trump Wins,4,5,38
283,255,Trump Wins,28,30,15
289,249,Trump Wins,40,45,28
300,238,Trump Wins,62,65,14
288,250,Trump Wins,38,40,25
291,247,Trump Wins,44,45,29
283,255,Trump Wins,28,30,16
285,253,Trump Wins,32,35,31
306,232,Trump Wins,74,75,10
285,253,Trump Wins,32,35,32
272,266,Trump Wins,6,10,25
276,262,Trump Wins,14,15,29
282,256,Trump Wins,26,30,17
307,231,Trump Wins,76,80,2
275,263,Trump Wins,12,15,30
281,257,Trump Wins,24,25,42
305,233,Trump Wins,72,75,11
275,263,Trump Wins,12,15,31
310,228,Trump Wins,82,85,3
297,241,Trump Wins,56,60,27
275,263,Trump Wins,12,15,32
287,251,Trump Wins,36,40,26
285,253,Trump Wins,32,35,33
281,257,Trump Wins,24,25,43
284,254,Trump Wins,30,35,34
297,241,Trump Wins,56,60,28
286,252,Trump Wins,34,35,35
277,261,Trump Wins,16,20,26
270,268,Trump Wins,2,5,39
322,216,Trump Wins,106,110,4
326,212,Trump Wins,114,115,2
314,224,Trump Wins,90,95,8
286,252,Trump Wins,34,35,36
281,257,Trump Wins,24,25,44
293,245,Trump Wins,48,50,14
285,253,Trump Wins,32,35,37
300,238,Trump Wins,62,65,15
281,257,Trump Wins,24,25,45
295,243,Trump Wins,52,55,23
282,256,Trump Wins,26,30,18
289,249,Trump Wins,40,45,30
275,263,Trump Wins,12,15,33
272,266,Trump Wins,6,10,26
287,251,Trump Wins,36,40,27
293,245,Trump Wins,48,50,15
309,229,Trump Wins,80,85,4
306,232,Trump Wins,74,75,12
283,255,Trump Wins,28,30,19
275,263,Trump Wins,12,15,34
302,236,Trump Wins,66,70,12
285,253,Trump Wins,32,35,38
277,261,Trump Wins,16,20,27
302,236,Trump Wins,66,70,13
291,247,Trump Wins,44,45,31
277,261,Trump Wins,16,20,28
297,241,Trump Wins,56,60,29
278,260,Trump Wins,18,20,29
305,233,Trump Wins,72,75,13
278,260,Trump Wins,18,20,30
310,228,Trump Wins,82,85,5
286,252,Trump Wins,34,35,39
275,263,Trump Wins,12,15,35
295,243,Trump Wins,52,55,24
292,246,Trump Wins,46,50,16
327,211,Trump Wins,116,120,2
286,252,Trump Wins,34,35,40
282,256,Trump Wins,26,30,20
291,247,Trump Wins,44,45,32
270,268,Trump Wins,2,5,40
292,246,Trump Wins,46,50,17
276,262,Trump Wins,14,15,36
299,239,Trump Wins,60,65,16
285,253,Trump Wins,32,35,41
314,224,Trump Wins,90,95,9
279,259,Trump Wins,20,25,46
272,266,Trump Wins,6,10,27
270,268,Trump Wins,2,5,41
273,265,Trump Wins,8,10,28
270,268,Trump Wins,2,5,42
292,246,Trump Wins,46,50,18
297,241,Trump Wins,56,60,30
302,236,Trump Wins,66,70,14
302,236,Trump Wins,66,70,15
296,242,Trump Wins,54,55,25
272,266,Trump Wins,6,10,29
271,267,Trump Wins,4,5,43
302,236,Trump Wins,66,70,16
287,251,Trump Wins,36,40,28
287,251,Trump Wins,36,40,29
262,276,Harris Wins,-14,-15,1
264,274,Harris Wins,-10,-10,1
268,270,Harris Wins,-2,-5,1
241,297,Harris Wins,-56,-60,1
211,327,Harris Wins,-116,-120,1
267,271,Harris Wins,-4,-5,2
251,287,Harris Wins,-36,-40,1
267,271,Harris Wins,-4,-5,3
189,349,Harris Wins,-160,-160,1
256,282,Harris Wins,-26,-30,1
256,282,Harris Wins,-26,-30,2
219,319,Harris Wins,-100,-100,1
240,298,Harris Wins,-58,-60,2
265,273,Harris Wins,-8,-10,2
241,297,Harris Wins,-56,-60,3
240,298,Harris Wins,-58,-60,4
225,313,Harris Wins,-88,-90,1
222,316,Harris Wins,-94,-95,1
267,271,Harris Wins,-4,-5,4
241,297,Harris Wins,-56,-60,5
257,281,Harris Wins,-24,-25,1
251,287,Harris Wins,-36,-40,2
253,285,Harris Wins,-32,-35,1
238,300,Harris Wins,-62,-65,1
250,288,Harris Wins,-38,-40,3
230,308,Harris Wins,-78,-80,1
254,284,Harris Wins,-30,-30,3
265,273,Harris Wins,-8,-10,3
261,277,Harris Wins,-16,-20,1
199,339,Harris Wins,-140,-140,1
235,303,Harris Wins,-68,-70,1
250,288,Harris Wins,-38,-40,4
242,296,Harris Wins,-54,-55,1
235,303,Harris Wins,-68,-70,2
265,273,Harris Wins,-8,-10,4
266,272,Harris Wins,-6,-10,5
260,278,Harris Wins,-18,-20,2
267,271,Harris Wins,-4,-5,5
265,273,Harris Wins,-8,-10,6
227,311,Harris Wins,-84,-85,1
257,281,Harris Wins,-24,-25,2
245,293,Harris Wins,-48,-50,1
256,282,Harris Wins,-26,-30,4
253,285,Harris Wins,-32,-35,2
251,287,Harris Wins,-36,-40,5
260,278,Harris Wins,-18,-20,3
257,281,Harris Wins,-24,-25,3
243,295,Harris Wins,-52,-55,2
235,303,Harris Wins,-68,-70,3
267,271,Harris Wins,-4,-5,6
246,292,Harris Wins,-46,-50,2
227,311,Harris Wins,-84,-85,2
240,298,Harris Wins,-58,-60,6
262,276,Harris Wins,-14,-15,2
230,308,Harris Wins,-78,-80,2
255,283,Harris Wins,-28,-30,5
260,278,Harris Wins,-18,-20,4
261,277,Harris Wins,-16,-20,5
234,304,Harris Wins,-70,-70,4
224,314,Harris Wins,-90,-90,2
261,277,Harris Wins,-16,-20,6
256,282,Harris Wins,-26,-30,6
263,275,Harris Wins,-12,-15,3
236,302,Harris Wins,-66,-70,5
262,276,Harris Wins,-14,-15,4
222,316,Harris Wins,-94,-95,2
263,275,Harris Wins,-12,-15,5
246,292,Harris Wins,-46,-50,3
238,300,Harris Wins,-62,-65,2
261,277,Harris Wins,-16,-20,7
256,282,Harris Wins,-26,-30,7
261,277,Harris Wins,-16,-20,8
229,309,Harris Wins,-80,-80,3
262,276,Harris Wins,-14,-15,6
264,274,Harris Wins,-10,-10,7
241,297,Harris Wins,-56,-60,7
240,298,Harris Wins,-58,-60,8
249,289,Harris Wins,-40,-40,6
200,338,Harris Wins,-138,-140,2
246,292,Harris Wins,-46,-50,4
254,284,Harris Wins,-30,-30,8
228,310,Harris Wins,-82,-85,3
245,293,Harris Wins,-48,-50,5
261,277,Harris Wins,-16,-20,9
256,282,Harris Wins,-26,-30,9
266,272,Harris Wins,-6,-10,8
262,276,Harris Wins,-14,-15,7
190,348,Harris Wins,-158,-160,2
254,284,Harris Wins,-30,-30,10
249,289,Harris Wins,-40,-40,7
254,284,Harris Wins,-30,-30,11
246,292,Harris Wins,-46,-50,6
234,304,Harris Wins,-70,-70,6
192,346,Harris Wins,-154,-155,1
219,319,Harris Wins,-100,-100,2
208,330,Harris Wins,-122,-125,1
246,292,Harris Wins,-46,-50,7
264,274,Harris Wins,-10,-10,9
260,278,Harris Wins,-18,-20,10
224,314,Harris Wins,-90,-90,3
241,297,Harris Wins,-56,-60,9
259,279,Harris Wins,-20,-20,11
252,286,Harris Wins,-34,-35,3
258,280,Harris Wins,-22,-25,4
240,298,Harris Wins,-58,-60,10
262,276,Harris Wins,-14,-15,8
266,272,Harris Wins,-6,-10,10
261,277,Harris Wins,-16,-20,12
232,306,Harris Wins,-74,-75,1
207,331,Harris Wins,-124,-125,2
236,302,Harris Wins,-66,-70,7
235,303,Harris Wins,-68,-70,8
235,303,Harris Wins,-68,-70,9
250,288,Harris Wins,-38,-40,8
199,339,Harris Wins,-140,-140,3
258,280,Harris Wins,-22,-25,5
251,287,Harris Wins,-36,-40,9
258,280,Harris Wins,-22,-25,6
249,289,Harris Wins,-40,-40,10
246,292,Harris Wins,-46,-50,8
263,275,Harris Wins,-12,-15,9
254,284,Harris Wins,-30,-30,12
252,286,Harris Wins,-34,-35,4
259,279,Harris Wins,-20,-20,13
267,271,Harris Wins,-4,-5,7
249,289,Harris Wins,-40,-40,11
178,360,Harris Wins,-182,-185,1
265,273,Harris Wins,-8,-10,11
262,276,Harris Wins,-14,-15,10
241,297,Harris Wins,-56,-60,11
240,298,Harris Wins,-58,-60,12
259,279,Harris Wins,-20,-20,14
256,282,Harris Wins,-26,-30,13
267,271,Harris Wins,-4,-5,8
244,294,Harris Wins,-50,-50,9
264,274,Harris Wins,-10,-10,12
260,278,Harris Wins,-18,-20,15
258,280,Harris Wins,-22,-25,7
236,302,Harris Wins,-66,-70,10
264,274,Harris Wins,-10,-10,13
261,277,Harris Wins,-16,-20,16
267,271,Harris Wins,-4,-5,9
205,333,Harris Wins,-128,-130,1
218,320,Harris Wins,-102,-105,1
252,286,Harris Wins,-34,-35,5
266,272,Harris Wins,-6,-10,14
257,281,Harris Wins,-24,-25,8
265,273,Harris Wins,-8,-10,15
247,291,Harris Wins,-44,-45,1
245,293,Harris Wins,-48,-50,10
231,307,Harris Wins,-76,-80,4
241,297,Harris Wins,-56,-60,13
246,292,Harris Wins,-46,-50,11
235,303,Harris Wins,-68,-70,11
265,273,Harris Wins,-8,-10,16
235,303,Harris Wins,-68,-70,12
252,286,Harris Wins,-34,-35,6
246,292,Harris Wins,-46,-50,12
245,293,Harris Wins,-48,-50,13
250,288,Harris Wins,-38,-40,12
248,290,Harris Wins,-42,-45,2
252,286,Harris Wins,-34,-35,7
252,286,Harris Wins,-34,-35,8
232,306,Harris Wins,-74,-75,2
229,309,Harris Wins,-80,-80,5
241,297,Harris Wins,-56,-60,14
241,297,Harris Wins,-56,-60,15
255,283,Harris Wins,-28,-30,14
262,276,Harris Wins,-14,-15,11
242,296,Harris Wins,-54,-55,3
230,308,Harris Wins,-78,-80,6
254,284,Harris Wins,-30,-30,15
246,292,Harris Wins,-46,-50,14
262,276,Harris Wins,-14,-15,12
256,282,Harris Wins,-26,-30,16
262,276,Harris Wins,-14,-15,13
250,288,Harris Wins,-38,-40,13
262,276,Harris Wins,-14,-15,14
255,283,Harris Wins,-28,-30,17
246,292,Harris Wins,-46,-50,15
265,273,Harris Wins,-8,-10,17
251,287,Harris Wins,-36,-40,14
238,300,Harris Wins,-62,-65,3
225,313,Harris Wins,-88,-90,4
249,289,Harris Wins,-40,-40,15
235,303,Harris Wins,-68,-70,13
255,283,Harris Wins,-28,-30,18
219,319,Harris Wins,-100,-100,3
261,277,Harris Wins,-16,-20,17
251,287,Harris Wins,-36,-40,16
268,270,Harris Wins,-2,-5,10
261,277,Harris Wins,-16,-20,18
225,313,Harris Wins,-88,-90,5
230,308,Harris Wins,-78,-80,7
249,289,Harris Wins,-40,-40,17
251,287,Harris Wins,-36,-40,18
246,292,Harris Wins,-46,-50,16
245,293,Harris Wins,-48,-50,17
236,302,Harris Wins,-66,-70,14
234,304,Harris Wins,-70,-70,15
251,287,Harris Wins,-36,-40,19
246,292,Harris Wins,-46,-50,18
251,287,Harris Wins,-36,-40,20
265,273,Harris Wins,-8,-10,18
194,344,Harris Wins,-150,-150,1
246,292,Harris Wins,-46,-50,19
250,288,Harris Wins,-38,-40,21
267,271,Harris Wins,-4,-5,11
206,332,Harris Wins,-126,-130,2
265,273,Harris Wins,-8,-10,19
251,287,Harris Wins,-36,-40,22
262,276,Harris Wins,-14,-15,15
229,309,Harris Wins,-80,-80,8
234,304,Harris Wins,-70,-70,16
225,313,Harris Wins,-88,-90,6
237,301,Harris Wins,-64,-65,4
246,292,Harris Wins,-46,-50,20
262,276,Harris Wins,-14,-15,16
241,297,Harris Wins,-56,-60,16
240,298,Harris Wins,-58,-60,17
262,276,Harris Wins,-14,-15,17
266,272,Harris Wins,-6,-10,20
189,349,Harris Wins,-160,-160,3
241,297,Harris Wins,-56,-60,18
246,292,Harris Wins,-46,-50,21
266,272,Harris Wins,-6,-10,21
219,319,Harris Wins,-100,-100,4
240,298,Harris Wins,-58,-60,19
248,290,Harris Wins,-42,-45,3
261,277,Harris Wins,-16,-20,19
251,287,Harris Wins,-36,-40,23
268,270,Harris Wins,-2,-5,12
242,296,Harris Wins,-54,-55,4
251,287,Harris Wins,-36,-40,24
246,292,Harris Wins,-46,-50,22
265,273,Harris Wins,-8,-10,22
219,319,Harris Wins,-100,-100,5
255,283,Harris Wins,-28,-30,19
240,298,Harris Wins,-58,-60,20
263,275,Harris Wins,-12,-15,18
251,287,Harris Wins,-36,-40,25
251,287,Harris Wins,-36,-40,26
246,292,Harris Wins,-46,-50,23
246,292,Harris Wins,-46,-50,24
224,314,Harris Wins,-90,-90,7
219,319,Harris Wins,-100,-100,6
267,271,Harris Wins,-4,-5,13
246,292,Harris Wins,-46,-50,25
262,276,Harris Wins,-14,-15,19
234,304,Harris Wins,-70,-70,17
250,288,Harris Wins,-38,-40,27
268,270,Harris Wins,-2,-5,14
229,309,Harris Wins,-80,-80,9
259,279,Harris Wins,-20,-20,20
262,276,Harris Wins,-14,-15,20
222,316,Harris Wins,-94,-95,3
267,271,Harris Wins,-4,-5,15
254,284,Harris Wins,-30,-30,20
204,334,Harris Wins,-130,-130,3
235,303,Harris Wins,-68,-70,18
238,300,Harris Wins,-62,-65,5
257,281,Harris Wins,-24,-25,9
252,286,Harris Wins,-34,-35,9
247,291,Harris Wins,-44,-45,4
246,292,Harris Wins,-46,-50,26
247,291,Harris Wins,-44,-45,5
265,273,Harris Wins,-8,-10,23
262,276,Harris Wins,-14,-15,21
233,305,Harris Wins,-72,-75,3
264,274,Harris Wins,-10,-10,24
235,303,Harris Wins,-68,-70,19
264,274,Harris Wins,-10,-10,25
229,309,Harris Wins,-80,-80,10
241,297,Harris Wins,-56,-60,21
255,283,Harris Wins,-28,-30,21
230,308,Harris Wins,-78,-80,11
246,292,Harris Wins,-46,-50,27
266,272,Harris Wins,-6,-10,26
251,287,Harris Wins,-36,-40,28
256,282,Harris Wins,-26,-30,22
244,294,Harris Wins,-50,-50,28
262,276,Harris Wins,-14,-15,22
236,302,Harris Wins,-66,-70,20
228,310,Harris Wins,-82,-85,4
264,274,Harris Wins,-10,-10,27
264,274,Harris Wins,-10,-10,28
216,322,Harris Wins,-106,-110,1
266,272,Harris Wins,-6,-10,29
267,271,Harris Wins,-4,-5,16
242,296,Harris Wins,-54,-55,5
260,278,Harris Wins,-18,-20,21
268,270,Harris Wins,-2,-5,17
249,289,Harris Wins,-40,-40,29
246,292,Harris Wins,-46,-50,29
241,297,Harris Wins,-56,-60,22
251,287,Harris Wins,-36,-40,30
230,308,Harris Wins,-78,-80,12
217,321,Harris Wins,-104,-105,2
211,327,Harris Wins,-116,-120,2
238,300,Harris Wins,-62,-65,6
266,272,Harris Wins,-6,-10,30
221,317,Harris Wins,-96,-100,7
268,270,Harris Wins,-2,-5,18
254,284,Harris Wins,-30,-30,23
256,282,Harris Wins,-26,-30,24
241,297,Harris Wins,-56,-60,23
265,273,Harris Wins,-8,-10,31
251,287,Harris Wins,-36,-40,31
256,282,Harris Wins,-26,-30,25
257,281,Harris Wins,-24,-25,10
265,273,Harris Wins,-8,-10,32
261,277,Harris Wins,-16,-20,22
251,287,Harris Wins,-36,-40,32
246,292,Harris Wins,-46,-50,30
265,273,Harris Wins,-8,-10,33
266,272,Harris Wins,-6,-10,34
254,284,Harris Wins,-30,-30,26
244,294,Harris Wins,-50,-50,31
251,287,Harris Wins,-36,-40,33
227,311,Harris Wins,-84,-85,5
262,276,Harris Wins,-14,-15,23
247,291,Harris Wins,-44,-45,6
246,292,Harris Wins,-46,-50,32
245,293,Harris Wins,-48,-50,33
250,288,Harris Wins,-38,-40,34
238,300,Harris Wins,-62,-65,7
262,276,Harris Wins,-14,-15,24
206,332,Harris Wins,-126,-130,4
262,276,Harris Wins,-14,-15,25
251,287,Harris Wins,-36,-40,35
268,270,Harris Wins,-2,-5,19
262,276,Harris Wins,-14,-15,26
242,296,Harris Wins,-54,-55,6
240,298,Harris Wins,-58,-60,24
261,277,Harris Wins,-16,-20,23
246,292,Harris Wins,-46,-50,34
262,276,Harris Wins,-14,-15,27
265,273,Harris Wins,-8,-10,35
237,301,Harris Wins,-64,-65,8
226,312,Harris Wins,-86,-90,8
235,303,Harris Wins,-68,-70,21
254,284,Harris Wins,-30,-30,27
246,292,Harris Wins,-46,-50,35
262,276,Harris Wins,-14,-15,28
241,297,Harris Wins,-56,-60,25
240,298,Harris Wins,-58,-60,26
266,272,Harris Wins,-6,-10,36
249,289,Harris Wins,-40,-40,36
235,303,Harris Wins,-68,-70,22
249,289,Harris Wins,-40,-40,37
266,272,Harris Wins,-6,-10,37
218,320,Harris Wins,-102,-105,3
248,290,Harris Wins,-42,-45,7
262,276,Harris Wins,-14,-15,29
220,318,Harris Wins,-98,-100,8
262,276,Harris Wins,-14,-15,30
264,274,Harris Wins,-10,-10,38
246,292,Harris Wins,-46,-50,36
249,289,Harris Wins,-40,-40,38
264,274,Harris Wins,-10,-10,39
249,289,Harris Wins,-40,-40,39
241,297,Harris Wins,-56,-60,27
265,273,Harris Wins,-8,-10,40
264,274,Harris Wins,-10,-10,41
250,288,Harris Wins,-38,-40,40
260,278,Harris Wins,-18,-20,24
254,284,Harris Wins,-30,-30,28
230,308,Harris Wins,-78,-80,13
249,289,Harris Wins,-40,-40,41
263,275,Harris Wins,-12,-15,31
261,277,Harris Wins,-16,-20,25
226,312,Harris Wins,-86,-90,9
230,308,Harris Wins,-78,-80,14
265,273,Harris Wins,-8,-10,42
228,310,Harris Wins,-82,-85,6
256,282,Harris Wins,-26,-30,29
236,302,Harris Wins,-66,-70,23
189,349,Harris Wins,-160,-160,4
243,295,Harris Wins,-52,-55,7
252,286,Harris Wins,-34,-35,10
215,323,Harris Wins,-108,-110,2
252,286,Harris Wins,-34,-35,11
266,272,Harris Wins,-6,-10,43
261,277,Harris Wins,-16,-20,26
261,277,Harris Wins,-16,-20,27
245,293,Harris Wins,-48,-50,37
251,287,Harris Wins,-36,-40,42
263,275,Harris Wins,-12,-15,32
252,286,Harris Wins,-34,-35,12
251,287,Harris Wins,-36,-40,43
257,281,Harris Wins,-24,-25,11
268,270,Harris Wins,-2,-5,20
160,378,Harris Wins,-218,-220,1
250,288,Harris Wins,-38,-40,44
234,304,Harris Wins,-70,-70,24
240,298,Harris Wins,-58,-60,28
240,298,Harris Wins,-58,-60,29
229,309,Harris Wins,-80,-80,15
240,298,Harris Wins,-58,-60,30
260,278,Harris Wins,-18,-20,28
229,309,Harris Wins,-80,-80,16
259,279,Harris Wins,-20,-20,29
251,287,Harris Wins,-36,-40,45
241,297,Harris Wins,-56,-60,31
230,308,Harris Wins,-78,-80,17
262,276,Harris Wins,-14,-15,33
232,306,Harris Wins,-74,-75,4
263,275,Harris Wins,-12,-15,34
250,288,Harris Wins,-38,-40,46
250,288,Harris Wins,-38,-40,47
250,288,Harris Wins,-38,-40,48
216,322,Harris Wins,-106,-110,3
267,271,Harris Wins,-4,-5,21
268,270,Harris Wins,-2,-5,22
267,271,Harris Wins,-4,-5,23
251,287,Harris Wins,-36,-40,49
241,297,Harris Wins,-56,-60,32
264,274,Harris Wins,-10,-10,44
247,291,Harris Wins,-44,-45,8
240,298,Harris Wins,-58,-60,33
253,285,Harris Wins,-32,-35,13
245,293,Harris Wins,-48,-50,38
251,287,Harris Wins,-36,-40,50
235,303,Harris Wins,-68,-70,25
223,315,Harris Wins,-92,-95,4
265,273,Harris Wins,-8,-10,45
219,319,Harris Wins,-100,-100,9
257,281,Harris Wins,-24,-25,12
264,274,Harris Wins,-10,-10,46
229,309,Harris Wins,-80,-80,18
230,308,Harris Wins,-78,-80,19
245,293,Harris Wins,-48,-50,39
229,309,Harris Wins,-80,-80,20
263,275,Harris Wins,-12,-15,35
254,284,Harris Wins,-30,-30,30
240,298,Harris Wins,-58,-60,34
246,292,Harris Wins,-46,-50,40
256,282,Harris Wins,-26,-30,31
220,318,Harris Wins,-98,-100,10
265,273,Harris Wins,-8,-10,47
216,322,Harris Wins,-106,-110,4
205,333,Harris Wins,-128,-130,5
251,287,Harris Wins,-36,-40,51
256,282,Harris Wins,-26,-30,32
216,322,Harris Wins,-106,-110,5
255,283,Harris Wins,-28,-30,33
223,315,Harris Wins,-92,-95,5
260,278,Harris Wins,-18,-20,30
252,286,Harris Wins,-34,-35,14
195,343,Harris Wins,-148,-150,2
266,272,Harris Wins,-6,-10,48
246,292,Harris Wins,-46,-50,41
251,287,Harris Wins,-36,-40,52
246,292,Harris Wins,-46,-50,42
251,287,Harris Wins,-36,-40,53
198,340,Harris Wins,-142,-145,1
246,292,Harris Wins,-46,-50,43
252,286,Harris Wins,-34,-35,15
205,333,Harris Wins,-128,-130,6
231,307,Harris Wins,-76,-80,21
236,302,Harris Wins,-66,-70,26
264,274,Harris Wins,-10,-10,49
249,289,Harris Wins,-40,-40,54
250,288,Harris Wins,-38,-40,55
256,282,Harris Wins,-26,-30,34
238,300,Harris Wins,-62,-65,9
188,350,Harris Wins,-162,-165,1
260,278,Harris Wins,-18,-20,31
246,292,Harris Wins,-46,-50,44
249,289,Harris Wins,-40,-40,56
252,286,Harris Wins,-34,-35,16
265,273,Harris Wins,-8,-10,50
245,293,Harris Wins,-48,-50,45
229,309,Harris Wins,-80,-80,22
257,281,Harris Wins,-24,-25,13
251,287,Harris Wins,-36,-40,57
249,289,Harris Wins,-40,-40,58
250,288,Harris Wins,-38,-40,59
206,332,Harris Wins,-126,-130,7
246,292,Harris Wins,-46,-50,46
263,275,Harris Wins,-12,-15,36
261,277,Harris Wins,-16,-20,32
263,275,Harris Wins,-12,-15,37
256,282,Harris Wins,-26,-30,35
265,273,Harris Wins,-8,-10,51
262,276,Harris Wins,-14,-15,38
260,278,Harris Wins,-18,-20,33
252,286,Harris Wins,-34,-35,17
241,297,Harris Wins,-56,-60,35
262,276,Harris Wins,-14,-15,39
232,306,Harris Wins,-74,-75,5
262,276,Harris Wins,-14,-15,40
253,285,Harris Wins,-32,-35,18
261,277,Harris Wins,-16,-20,34
240,298,Harris Wins,-58,-60,36
266,272,Harris Wins,-6,-10,52
254,284,Harris Wins,-30,-30,36
235,303,Harris Wins,-68,-70,27
264,274,Harris Wins,-10,-10,53
246,292,Harris Wins,-46,-50,47
254,284,Harris Wins,-30,-30,37
239,299,Harris Wins,-60,-60,37
222,316,Harris Wins,-94,-95,6
253,285,Harris Wins,-32,-35,19
260,278,Harris Wins,-18,-20,35
266,272,Harris Wins,-6,-10,54
216,322,Harris Wins,-106,-110,6
268,270,Harris Wins,-2,-5,24
241,297,Harris Wins,-56,-60,38
251,287,Harris Wins,-36,-40,60
246,292,Harris Wins,-46,-50,48
262,276,Harris Wins,-14,-15,41
235,303,Harris Wins,-68,-70,28
235,303,Harris Wins,-68,-70,29
256,282,Harris Wins,-26,-30,38
229,309,Harris Wins,-80,-80,23
268,270,Harris Wins,-2,-5,25
256,282,Harris Wins,-26,-30,39
261,277,Harris Wins,-16,-20,36
262,276,Harris Wins,-14,-15,42
259,279,Harris Wins,-20,-20,37
251,287,Harris Wins,-36,-40,61
235,303,Harris Wins,-68,-70,30
251,287,Harris Wins,-36,-40,62
269,269,No Winner,0,0,1
269,269,No Winner,0,0,2
269,269,No Winner,0,0,3
269,269,No Winner,0,0,4
269,269,No Winner,0,0,5
269,269,No Winner,0,0,6
269,269,No Winner,0,0,7
269,269,No Winner,0,0,8
269,269,No Winner,0,0,9
