Republican EVs,Democrat EVs,Outcome,Electoral Margin,Binned Margin,Sample
312,226,Trump Wins,86,90,1
279,259,Trump Wins,20,25,1
300,238,Trump Wins,62,65,1
291,247,Trump Wins,44,45,1
306,232,Trump Wins,74,75,1
272,266,Trump Wins,6,10,1
283,255,Trump Wins,28,30,1
287,251,Trump Wins,36,40,1
310,228,Trump Wins,82,85,1
295,243,Trump Wins,52,55,1
295,243,Trump Wins,52,55,2
281,257,Trump Wins,24,25,2
281,257,Trump Wins,24,25,3
289,249,Trump Wins,40,45,2
289,249,Trump Wins,40,45,3
275,263,Trump Wins,12,15,1
307,231,Trump Wins,76,80,1
313,225,Trump Wins,88,90,2
275,263,Trump Wins,12,15,2
295,243,Trump Wins,52,55,3
302,236,Trump Wins,66,70,1
276,262,Trump Wins,14,15,3
297,241,Trump Wins,56,60,1
295,243,Trump Wins,52,55,4
301,237,Trump Wins,64,65,2
282,256,Trump Wins,26,30,2
328,210,Trump Wins,118,120,1
306,232,Trump Wins,74,75,2
293,245,Trump Wins,48,50,1
288,250,Trump Wins,38,40,2
279,259,Trump Wins,20,25,4
273,265,Trump Wins,8,10,2
303,235,Trump Wins,68,70,2
296,242,Trump Wins,54,55,5
280,258,Trump Wins,22,25,5
293,245,Trump Wins,48,50,2
301,237,Trump Wins,64,65,3
270,268,Trump Wins,2,5,1
286,252,Trump Wins,34,35,1
308,230,Trump Wins,78,80,2
302,236,Trump Wins,66,70,3
291,247,Trump Wins,44,45,4
290,248,Trump Wins,42,45,5
272,266,Trump Wins,6,10,3
297,241,Trump Wins,56,60,2
330,208,Trump Wins,122,125,1
300,238,Trump Wins,62,65,4
301,237,Trump Wins,64,65,5
303,235,Trump Wins,68,70,4
320,218,Trump Wins,102,105,1
292,246,Trump Wins,46,50,3
296,242,Trump Wins,54,55,6
276,262,Trump Wins,14,15,4
287,251,Trump Wins,36,40,3
326,212,Trump Wins,114,115,1
306,232,Trump Wins,74,75,3
315,223,Trump Wins,92,95,1
295,243,Trump Wins,52,55,7
312,226,Trump Wins,86,90,3
312,226,Trump Wins,86,90,4
276,262,Trump Wins,14,15,5
280,258,Trump Wins,22,25,6
272,266,Trump Wins,6,10,4
274,264,Trump Wins,10,15,6
275,263,Trump Wins,12,15,7
312,226,Trump Wins,86,90,5
295,243,Trump Wins,52,55,8
281,257,Trump Wins,24,25,7
302,236,Trump Wins,66,70,5
281,257,Trump Wins,24,25,8
304,234,Trump Wins,70,75,4
299,239,Trump Wins,60,65,6
333,205,Trump Wins,128,130,1
302,236,Trump Wins,66,70,6
299,239,Trump Wins,60,65,7
312,226,Trump Wins,86,90,6
272,266,Trump Wins,6,10,5
270,268,Trump Wins,2,5,2
304,234,Trump Wins,70,75,5
296,242,Trump Wins,54,55,9
317,221,Trump Wins,96,100,1
290,248,Trump Wins,42,45,6
285,253,Trump Wins,32,35,2
296,242,Trump Wins,54,55,10
276,262,Trump Wins,14,15,8
280,258,Trump Wins,22,25,9
291,247,Trump Wins,44,45,7
271,267,Trump Wins,4,5,3
286,252,Trump Wins,34,35,3
314,224,Trump Wins,90,95,2
274,264,Trump Wins,10,15,9
282,256,Trump Wins,26,30,3
271,267,Trump Wins,4,5,4
306,232,Trump Wins,74,75,6
317,221,Trump Wins,96,100,2
291,247,Trump Wins,44,45,8
316,222,Trump Wins,94,95,3
301,237,Trump Wins,64,65,8
287,251,Trump Wins,36,40,4
271,267,Trump Wins,4,5,5
277,261,Trump Wins,16,20,1
289,249,Trump Wins,40,45,9
281,257,Trump Wins,24,25,10
293,245,Trump Wins,48,50,4
281,257,Trump Wins,24,25,11
290,248,Trump Wins,42,45,10
317,221,Trump Wins,96,100,3
302,236,Trump Wins,66,70,7
270,268,Trump Wins,2,5,6
276,262,Trump Wins,14,15,10
293,245,Trump Wins,48,50,5
301,237,Trump Wins,64,65,9
306,232,Trump Wins,74,75,7
294,244,Trump Wins,50,55,11
306,232,Trump Wins,74,75,8
283,255,Trump Wins,28,30,4
277,261,Trump Wins,16,20,2
286,252,Trump Wins,34,35,4
272,266,Trump Wins,6,10,6
292,246,Trump Wins,46,50,6
296,242,Trump Wins,54,55,12
272,266,Trump Wins,6,10,7
275,263,Trump Wins,12,15,11
286,252,Trump Wins,34,35,5
280,258,Trump Wins,22,25,12
291,247,Trump Wins,44,45,11
278,260,Trump Wins,18,20,3
297,241,Trump Wins,56,60,3
287,251,Trump Wins,36,40,5
322,216,Trump Wins,106,110,1
296,242,Trump Wins,54,55,13
296,242,Trump Wins,54,55,14
276,262,Trump Wins,14,15,12
270,268,Trump Wins,2,5,7
293,245,Trump Wins,48,50,7
326,212,Trump Wins,114,115,2
284,254,Trump Wins,30,35,6
306,232,Trump Wins,74,75,9
275,263,Trump Wins,12,15,13
278,260,Trump Wins,18,20,4
270,268,Trump Wins,2,5,8
304,234,Trump Wins,70,75,10
302,236,Trump Wins,66,70,8
270,268,Trump Wins,2,5,9
300,238,Trump Wins,62,65,10
271,267,Trump Wins,4,5,10
310,228,Trump Wins,82,85,2
270,268,Trump Wins,2,5,11
278,260,Trump Wins,18,20,5
287,251,Trump Wins,36,40,6
277,261,Trump Wins,16,20,6
306,232,Trump Wins,74,75,11
291,247,Trump Wins,44,45,12
326,212,Trump Wins,114,115,3
287,251,Trump Wins,36,40,7
307,231,Trump Wins,76,80,3
271,267,Trump Wins,4,5,12
292,246,Trump Wins,46,50,8
318,220,Trump Wins,98,100,4
280,258,Trump Wins,22,25,13
306,232,Trump Wins,74,75,12
297,241,Trump Wins,56,60,4
301,237,Trump Wins,64,65,11
283,255,Trump Wins,28,30,5
284,254,Trump Wins,30,35,7
272,266,Trump Wins,6,10,8
300,238,Trump Wins,62,65,12
295,243,Trump Wins,52,55,15
272,266,Trump Wins,6,10,9
313,225,Trump Wins,88,90,7
306,232,Trump Wins,74,75,13
291,247,Trump Wins,44,45,13
298,240,Trump Wins,58,60,5
290,248,Trump Wins,42,45,14
297,241,Trump Wins,56,60,6
276,262,Trump Wins,14,15,14
283,255,Trump Wins,28,30,6
306,232,Trump Wins,74,75,14
291,247,Trump Wins,44,45,15
297,241,Trump Wins,56,60,7
271,267,Trump Wins,4,5,13
315,223,Trump Wins,92,95,4
275,263,Trump Wins,12,15,15
278,260,Trump Wins,18,20,7
271,267,Trump Wins,4,5,14
312,226,Trump Wins,86,90,8
278,260,Trump Wins,18,20,8
291,247,Trump Wins,44,45,16
288,250,Trump Wins,38,40,8
270,268,Trump Wins,2,5,15
283,255,Trump Wins,28,30,7
313,225,Trump Wins,88,90,9
277,261,Trump Wins,16,20,9
276,262,Trump Wins,14,15,16
271,267,Trump Wins,4,5,16
304,234,Trump Wins,70,75,15
276,262,Trump Wins,14,15,17
287,251,Trump Wins,36,40,9
275,263,Trump Wins,12,15,18
312,226,Trump Wins,86,90,10
283,255,Trump Wins,28,30,8
316,222,Trump Wins,94,95,5
295,243,Trump Wins,52,55,16
314,224,Trump Wins,90,95,6
278,260,Trump Wins,18,20,10
311,227,Trump Wins,84,85,3
282,256,Trump Wins,26,30,9
281,257,Trump Wins,24,25,14
306,232,Trump Wins,74,75,16
281,257,Trump Wins,24,25,15
297,241,Trump Wins,56,60,8
280,258,Trump Wins,22,25,16
286,252,Trump Wins,34,35,8
286,252,Trump Wins,34,35,9
312,226,Trump Wins,86,90,11
277,261,Trump Wins,16,20,11
283,255,Trump Wins,28,30,10
307,231,Trump Wins,76,80,4
287,251,Trump Wins,36,40,10
281,257,Trump Wins,24,25,17
278,260,Trump Wins,18,20,12
295,243,Trump Wins,52,55,17
304,234,Trump Wins,70,75,17
296,242,Trump Wins,54,55,18
315,223,Trump Wins,92,95,7
271,267,Trump Wins,4,5,17
297,241,Trump Wins,56,60,9
295,243,Trump Wins,52,55,19
323,215,Trump Wins,108,110,2
319,219,Trump Wins,100,105,2
324,214,Trump Wins,110,115,4
282,256,Trump Wins,26,30,11
297,241,Trump Wins,56,60,10
297,241,Trump Wins,56,60,11
299,239,Trump Wins,60,65,13
306,232,Trump Wins,74,75,18
276,262,Trump Wins,14,15,19
281,257,Trump Wins,24,25,18
278,260,Trump Wins,18,20,13
296,242,Trump Wins,54,55,20
291,247,Trump Wins,44,45,17
280,258,Trump Wins,22,25,19
289,249,Trump Wins,40,45,18
313,225,Trump Wins,88,90,12
287,251,Trump Wins,36,40,11
280,258,Trump Wins,22,25,20
296,242,Trump Wins,54,55,21
295,243,Trump Wins,52,55,22
298,240,Trump Wins,58,60,12
309,229,Trump Wins,80,85,4
290,248,Trump Wins,42,45,19
278,260,Trump Wins,18,20,14
289,249,Trump Wins,40,45,20
297,241,Trump Wins,56,60,13
286,252,Trump Wins,34,35,10
283,255,Trump Wins,28,30,12
272,266,Trump Wins,6,10,10
277,261,Trump Wins,16,20,15
287,251,Trump Wins,36,40,12
275,263,Trump Wins,12,15,20
284,254,Trump Wins,30,35,11
285,253,Trump Wins,32,35,12
286,252,Trump Wins,34,35,13
278,260,Trump Wins,18,20,16
283,255,Trump Wins,28,30,13
332,206,Trump Wins,126,130,2
282,256,Trump Wins,26,30,14
275,263,Trump Wins,12,15,21
313,225,Trump Wins,88,90,13
274,264,Trump Wins,10,15,22
271,267,Trump Wins,4,5,18
299,239,Trump Wins,60,65,14
282,256,Trump Wins,26,30,15
317,221,Trump Wins,96,100,5
289,249,Trump Wins,40,45,21
281,257,Trump Wins,24,25,21
275,263,Trump Wins,12,15,23
286,252,Trump Wins,34,35,14
293,245,Trump Wins,48,50,9
281,257,Trump Wins,24,25,22
287,251,Trump Wins,36,40,13
270,268,Trump Wins,2,5,19
274,264,Trump Wins,10,15,24
322,216,Trump Wins,106,110,3
291,247,Trump Wins,44,45,22
275,263,Trump Wins,12,15,25
305,233,Trump Wins,72,75,19
295,243,Trump Wins,52,55,23
284,254,Trump Wins,30,35,15
293,245,Trump Wins,48,50,10
281,257,Trump Wins,24,25,23
280,258,Trump Wins,22,25,24
280,258,Trump Wins,22,25,25
308,230,Trump Wins,78,80,5
291,247,Trump Wins,44,45,23
309,229,Trump Wins,80,85,5
295,243,Trump Wins,52,55,24
310,228,Trump Wins,82,85,6
275,263,Trump Wins,12,15,26
282,256,Trump Wins,26,30,16
287,251,Trump Wins,36,40,14
278,260,Trump Wins,18,20,17
313,225,Trump Wins,88,90,14
303,235,Trump Wins,68,70,9
283,255,Trump Wins,28,30,17
299,239,Trump Wins,60,65,15
288,250,Trump Wins,38,40,15
278,260,Trump Wins,18,20,18
291,247,Trump Wins,44,45,24
311,227,Trump Wins,84,85,7
298,240,Trump Wins,58,60,14
291,247,Trump Wins,44,45,25
293,245,Trump Wins,48,50,11
285,253,Trump Wins,32,35,16
274,264,Trump Wins,10,15,27
291,247,Trump Wins,44,45,26
282,256,Trump Wins,26,30,18
288,250,Trump Wins,38,40,16
316,222,Trump Wins,94,95,8
274,264,Trump Wins,10,15,28
298,240,Trump Wins,58,60,15
286,252,Trump Wins,34,35,17
285,253,Trump Wins,32,35,18
276,262,Trump Wins,14,15,29
297,241,Trump Wins,56,60,16
292,246,Trump Wins,46,50,12
310,228,Trump Wins,82,85,8
270,268,Trump Wins,2,5,20
292,246,Trump Wins,46,50,13
292,246,Trump Wins,46,50,14
304,234,Trump Wins,70,75,20
282,256,Trump Wins,26,30,19
296,242,Trump Wins,54,55,25
280,258,Trump Wins,22,25,26
312,226,Trump Wins,86,90,15
295,243,Trump Wins,52,55,26
276,262,Trump Wins,14,15,30
301,237,Trump Wins,64,65,16
299,239,Trump Wins,60,65,17
296,242,Trump Wins,54,55,27
306,232,Trump Wins,74,75,21
287,251,Trump Wins,36,40,17
297,241,Trump Wins,56,60,17
279,259,Trump Wins,20,25,27
278,260,Trump Wins,18,20,19
271,267,Trump Wins,4,5,21
291,247,Trump Wins,44,45,27
322,216,Trump Wins,106,110,4
297,241,Trump Wins,56,60,18
270,268,Trump Wins,2,5,22
272,266,Trump Wins,6,10,11
270,268,Trump Wins,2,5,23
272,266,Trump Wins,6,10,12
293,245,Trump Wins,48,50,15
275,263,Trump Wins,12,15,31
279,259,Trump Wins,20,25,28
307,231,Trump Wins,76,80,6
272,266,Trump Wins,6,10,13
283,255,Trump Wins,28,30,20
270,268,Trump Wins,2,5,24
287,251,Trump Wins,36,40,18
274,264,Trump Wins,10,15,32
270,268,Trump Wins,2,5,25
298,240,Trump Wins,58,60,19
312,226,Trump Wins,86,90,16
298,240,Trump Wins,58,60,20
273,265,Trump Wins,8,10,14
277,261,Trump Wins,16,20,20
279,259,Trump Wins,20,25,29
302,236,Trump Wins,66,70,10
290,248,Trump Wins,42,45,28
306,232,Trump Wins,74,75,22
314,224,Trump Wins,90,95,9
271,267,Trump Wins,4,5,26
279,259,Trump Wins,20,25,30
277,261,Trump Wins,16,20,21
272,266,Trump Wins,6,10,15
314,224,Trump Wins,90,95,10
297,241,Trump Wins,56,60,21
312,226,Trump Wins,86,90,17
272,266,Trump Wins,6,10,16
297,241,Trump Wins,56,60,22
306,232,Trump Wins,74,75,23
294,244,Trump Wins,50,55,28
317,221,Trump Wins,96,100,6
313,225,Trump Wins,88,90,18
297,241,Trump Wins,56,60,23
277,261,Trump Wins,16,20,22
308,230,Trump Wins,78,80,7
279,259,Trump Wins,20,25,31
284,254,Trump Wins,30,35,19
284,254,Trump Wins,30,35,20
275,263,Trump Wins,12,15,33
280,258,Trump Wins,22,25,32
276,262,Trump Wins,14,15,34
271,267,Trump Wins,4,5,27
292,246,Trump Wins,46,50,16
274,264,Trump Wins,10,15,35
335,203,Trump Wins,132,135,1
309,229,Trump Wins,80,85,9
275,263,Trump Wins,12,15,36
270,268,Trump Wins,2,5,28
276,262,Trump Wins,14,15,37
298,240,Trump Wins,58,60,24
291,247,Trump Wins,44,45,29
286,252,Trump Wins,34,35,21
289,249,Trump Wins,40,45,30
290,248,Trump Wins,42,45,31
282,256,Trump Wins,26,30,21
287,251,Trump Wins,36,40,19
272,266,Trump Wins,6,10,17
280,258,Trump Wins,22,25,33
281,257,Trump Wins,24,25,34
298,240,Trump Wins,58,60,25
283,255,Trump Wins,28,30,22
285,253,Trump Wins,32,35,22
276,262,Trump Wins,14,15,38
272,266,Trump Wins,6,10,18
277,261,Trump Wins,16,20,23
314,224,Trump Wins,90,95,11
283,255,Trump Wins,28,30,23
296,242,Trump Wins,54,55,29
297,241,Trump Wins,56,60,26
291,247,Trump Wins,44,45,32
285,253,Trump Wins,32,35,23
288,250,Trump Wins,38,40,20
276,262,Trump Wins,14,15,39
272,266,Trump Wins,6,10,19
289,249,Trump Wins,40,45,33
301,237,Trump Wins,64,65,18
278,260,Trump Wins,18,20,24
324,214,Trump Wins,110,115,5
280,258,Trump Wins,22,25,35
270,268,Trump Wins,2,5,29
286,252,Trump Wins,34,35,24
324,214,Trump Wins,110,115,6
303,235,Trump Wins,68,70,11
281,257,Trump Wins,24,25,36
306,232,Trump Wins,74,75,24
291,247,Trump Wins,44,45,34
281,257,Trump Wins,24,25,37
287,251,Trump Wins,36,40,21
297,241,Trump Wins,56,60,27
271,267,Trump Wins,4,5,30
287,251,Trump Wins,36,40,22
296,242,Trump Wins,54,55,30
275,263,Trump Wins,12,15,40
281,257,Trump Wins,24,25,38
279,259,Trump Wins,20,25,39
278,260,Trump Wins,18,20,25
306,232,Trump Wins,74,75,25
270,268,Trump Wins,2,5,31
307,231,Trump Wins,76,80,8
289,249,Trump Wins,40,45,35
314,224,Trump Wins,90,95,12
287,251,Trump Wins,36,40,23
327,211,Trump Wins,116,120,2
297,241,Trump Wins,56,60,28
302,236,Trump Wins,66,70,12
281,257,Trump Wins,24,25,40
281,257,Trump Wins,24,25,41
278,260,Trump Wins,18,20,26
277,261,Trump Wins,16,20,27
277,261,Trump Wins,16,20,28
276,262,Trump Wins,14,15,41
313,225,Trump Wins,88,90,19
307,231,Trump Wins,76,80,9
270,268,Trump Wins,2,5,32
270,268,Trump Wins,2,5,33
306,232,Trump Wins,74,75,26
291,247,Trump Wins,44,45,36
277,261,Trump Wins,16,20,29
292,246,Trump Wins,46,50,17
302,236,Trump Wins,66,70,13
275,263,Trump Wins,12,15,42
281,257,Trump Wins,24,25,42
287,251,Trump Wins,36,40,24
302,236,Trump Wins,66,70,14
279,259,Trump Wins,20,25,43
276,262,Trump Wins,14,15,43
279,259,Trump Wins,20,25,44
328,210,Trump Wins,118,120,3
297,241,Trump Wins,56,60,29
313,225,Trump Wins,88,90,20
294,244,Trump Wins,50,55,31
270,268,Trump Wins,2,5,34
287,251,Trump Wins,36,40,25
273,265,Trump Wins,8,10,20
280,258,Trump Wins,22,25,45
271,267,Trump Wins,4,5,35
299,239,Trump Wins,60,65,19
282,256,Trump Wins,26,30,24
316,222,Trump Wins,94,95,13
281,257,Trump Wins,24,25,46
270,268,Trump Wins,2,5,36
283,255,Trump Wins,28,30,25
295,243,Trump Wins,52,55,32
301,237,Trump Wins,64,65,20
297,241,Trump Wins,56,60,30
306,232,Trump Wins,74,75,27
324,214,Trump Wins,110,115,7
282,256,Trump Wins,26,30,26
297,241,Trump Wins,56,60,31
297,241,Trump Wins,56,60,32
285,253,Trump Wins,32,35,25
309,229,Trump Wins,80,85,10
295,243,Trump Wins,52,55,33
302,236,Trump Wins,66,70,15
308,230,Trump Wins,78,80,10
314,224,Trump Wins,90,95,14
272,266,Trump Wins,6,10,21
280,258,Trump Wins,22,25,47
287,251,Trump Wins,36,40,26
318,220,Trump Wins,98,100,7
310,228,Trump Wins,82,85,11
274,264,Trump Wins,10,15,44
273,265,Trump Wins,8,10,22
326,212,Trump Wins,114,115,8
331,207,Trump Wins,124,125,2
299,239,Trump Wins,60,65,21
288,250,Trump Wins,38,40,27
290,248,Trump Wins,42,45,37
300,238,Trump Wins,62,65,22
290,248,Trump Wins,42,45,38
301,237,Trump Wins,64,65,23
297,241,Trump Wins,56,60,33
284,254,Trump Wins,30,35,26
270,268,Trump Wins,2,5,37
292,246,Trump Wins,46,50,18
288,250,Trump Wins,38,40,28
292,246,Trump Wins,46,50,19
297,241,Trump Wins,56,60,34
321,217,Trump Wins,104,105,3
296,242,Trump Wins,54,55,34
281,257,Trump Wins,24,25,48
271,267,Trump Wins,4,5,38
286,252,Trump Wins,34,35,27
322,216,Trump Wins,106,110,5
307,231,Trump Wins,76,80,11
283,255,Trump Wins,28,30,27
282,256,Trump Wins,26,30,28
281,257,Trump Wins,24,25,49
291,247,Trump Wins,44,45,39
279,259,Trump Wins,20,25,50
288,250,Trump Wins,38,40,29
276,262,Trump Wins,14,15,45
297,241,Trump Wins,56,60,35
285,253,Trump Wins,32,35,28
275,263,Trump Wins,12,15,46
286,252,Trump Wins,34,35,29
234,304,Harris Wins,-70,-70,1
256,282,Harris Wins,-26,-30,1
211,327,Harris Wins,-116,-120,1
255,283,Harris Wins,-28,-30,2
265,273,Harris Wins,-8,-10,1
210,328,Harris Wins,-118,-120,2
256,282,Harris Wins,-26,-30,3
240,298,Harris Wins,-58,-60,1
266,272,Harris Wins,-6,-10,2
241,297,Harris Wins,-56,-60,2
264,274,Harris Wins,-10,-10,3
268,270,Harris Wins,-2,-5,1
247,291,Harris Wins,-44,-45,1
239,299,Harris Wins,-60,-60,3
251,287,Harris Wins,-36,-40,1
240,298,Harris Wins,-58,-60,4
268,270,Harris Wins,-2,-5,2
241,297,Harris Wins,-56,-60,5
259,279,Harris Wins,-20,-20,1
258,280,Harris Wins,-22,-25,1
225,313,Harris Wins,-88,-90,1
232,306,Harris Wins,-74,-75,1
234,304,Harris Wins,-70,-70,2
257,281,Harris Wins,-24,-25,2
221,317,Harris Wins,-96,-100,1
260,278,Harris Wins,-18,-20,2
207,331,Harris Wins,-124,-125,1
261,277,Harris Wins,-16,-20,3
261,277,Harris Wins,-16,-20,4
262,276,Harris Wins,-14,-15,1
262,276,Harris Wins,-14,-15,2
259,279,Harris Wins,-20,-20,5
257,281,Harris Wins,-24,-25,3
263,275,Harris Wins,-12,-15,3
268,270,Harris Wins,-2,-5,3
216,322,Harris Wins,-106,-110,1
244,294,Harris Wins,-50,-50,1
262,276,Harris Wins,-14,-15,4
210,328,Harris Wins,-118,-120,3
252,286,Harris Wins,-34,-35,1
235,303,Harris Wins,-68,-70,3
255,283,Harris Wins,-28,-30,4
223,315,Harris Wins,-92,-95,1
264,274,Harris Wins,-10,-10,4
268,270,Harris Wins,-2,-5,4
231,307,Harris Wins,-76,-80,1
250,288,Harris Wins,-38,-40,2
260,278,Harris Wins,-18,-20,6
259,279,Harris Wins,-20,-20,7
222,316,Harris Wins,-94,-95,2
223,315,Harris Wins,-92,-95,3
238,300,Harris Wins,-62,-65,1
241,297,Harris Wins,-56,-60,6
251,287,Harris Wins,-36,-40,3
261,277,Harris Wins,-16,-20,8
198,340,Harris Wins,-142,-145,1
259,279,Harris Wins,-20,-20,9
263,275,Harris Wins,-12,-15,5
231,307,Harris Wins,-76,-80,2
246,292,Harris Wins,-46,-50,2
260,278,Harris Wins,-18,-20,10
262,276,Harris Wins,-14,-15,6
250,288,Harris Wins,-38,-40,4
261,277,Harris Wins,-16,-20,11
250,288,Harris Wins,-38,-40,5
231,307,Harris Wins,-76,-80,3
225,313,Harris Wins,-88,-90,2
250,288,Harris Wins,-38,-40,6
256,282,Harris Wins,-26,-30,5
254,284,Harris Wins,-30,-30,6
253,285,Harris Wins,-32,-35,2
210,328,Harris Wins,-118,-120,4
261,277,Harris Wins,-16,-20,12
235,303,Harris Wins,-68,-70,4
255,283,Harris Wins,-28,-30,7
255,283,Harris Wins,-28,-30,8
260,278,Harris Wins,-18,-20,13
234,304,Harris Wins,-70,-70,5
262,276,Harris Wins,-14,-15,7
264,274,Harris Wins,-10,-10,5
256,282,Harris Wins,-26,-30,9
245,293,Harris Wins,-48,-50,3
246,292,Harris Wins,-46,-50,4
230,308,Harris Wins,-78,-80,4
153,385,Harris Wins,-232,-235,1
235,303,Harris Wins,-68,-70,6
254,284,Harris Wins,-30,-30,10
256,282,Harris Wins,-26,-30,11
266,272,Harris Wins,-6,-10,6
262,276,Harris Wins,-14,-15,8
255,283,Harris Wins,-28,-30,12
252,286,Harris Wins,-34,-35,3
262,276,Harris Wins,-14,-15,9
264,274,Harris Wins,-10,-10,7
216,322,Harris Wins,-106,-110,2
268,270,Harris Wins,-2,-5,5
262,276,Harris Wins,-14,-15,10
233,305,Harris Wins,-72,-75,2
245,293,Harris Wins,-48,-50,5
268,270,Harris Wins,-2,-5,6
265,273,Harris Wins,-8,-10,8
262,276,Harris Wins,-14,-15,11
213,325,Harris Wins,-112,-115,1
256,282,Harris Wins,-26,-30,13
240,298,Harris Wins,-58,-60,7
257,281,Harris Wins,-24,-25,4
264,274,Harris Wins,-10,-10,9
237,301,Harris Wins,-64,-65,2
242,296,Harris Wins,-54,-55,1
249,289,Harris Wins,-40,-40,7
215,323,Harris Wins,-108,-110,3
237,301,Harris Wins,-64,-65,3
262,276,Harris Wins,-14,-15,12
241,297,Harris Wins,-56,-60,8
242,296,Harris Wins,-54,-55,2
261,277,Harris Wins,-16,-20,14
253,285,Harris Wins,-32,-35,4
251,287,Harris Wins,-36,-40,8
246,292,Harris Wins,-46,-50,6
250,288,Harris Wins,-38,-40,9
251,287,Harris Wins,-36,-40,10
256,282,Harris Wins,-26,-30,14
226,312,Harris Wins,-86,-90,3
219,319,Harris Wins,-100,-100,2
226,312,Harris Wins,-86,-90,4
237,301,Harris Wins,-64,-65,4
240,298,Harris Wins,-58,-60,9
268,270,Harris Wins,-2,-5,7
246,292,Harris Wins,-46,-50,7
255,283,Harris Wins,-28,-30,15
266,272,Harris Wins,-6,-10,10
264,274,Harris Wins,-10,-10,11
240,298,Harris Wins,-58,-60,10
267,271,Harris Wins,-4,-5,8
223,315,Harris Wins,-92,-95,4
251,287,Harris Wins,-36,-40,11
227,311,Harris Wins,-84,-85,1
262,276,Harris Wins,-14,-15,13
266,272,Harris Wins,-6,-10,12
224,314,Harris Wins,-90,-90,5
223,315,Harris Wins,-92,-95,5
244,294,Harris Wins,-50,-50,8
235,303,Harris Wins,-68,-70,7
217,321,Harris Wins,-104,-105,1
250,288,Harris Wins,-38,-40,12
228,310,Harris Wins,-82,-85,2
266,272,Harris Wins,-6,-10,13
203,335,Harris Wins,-132,-135,1
226,312,Harris Wins,-86,-90,6
218,320,Harris Wins,-102,-105,2
264,274,Harris Wins,-10,-10,14
255,283,Harris Wins,-28,-30,16
260,278,Harris Wins,-18,-20,15
235,303,Harris Wins,-68,-70,8
197,341,Harris Wins,-144,-145,2
230,308,Harris Wins,-78,-80,5
234,304,Harris Wins,-70,-70,9
205,333,Harris Wins,-128,-130,1
245,293,Harris Wins,-48,-50,9
268,270,Harris Wins,-2,-5,9
237,301,Harris Wins,-64,-65,5
268,270,Harris Wins,-2,-5,10
254,284,Harris Wins,-30,-30,17
245,293,Harris Wins,-48,-50,10
250,288,Harris Wins,-38,-40,13
259,279,Harris Wins,-20,-20,16
241,297,Harris Wins,-56,-60,11
206,332,Harris Wins,-126,-130,2
265,273,Harris Wins,-8,-10,15
215,323,Harris Wins,-108,-110,4
268,270,Harris Wins,-2,-5,11
262,276,Harris Wins,-14,-15,14
245,293,Harris Wins,-48,-50,11
256,282,Harris Wins,-26,-30,18
235,303,Harris Wins,-68,-70,10
259,279,Harris Wins,-20,-20,17
241,297,Harris Wins,-56,-60,12
260,278,Harris Wins,-18,-20,18
257,281,Harris Wins,-24,-25,5
248,290,Harris Wins,-42,-45,2
214,324,Harris Wins,-110,-110,5
214,324,Harris Wins,-110,-110,6
262,276,Harris Wins,-14,-15,15
248,290,Harris Wins,-42,-45,3
259,279,Harris Wins,-20,-20,19
248,290,Harris Wins,-42,-45,4
266,272,Harris Wins,-6,-10,16
227,311,Harris Wins,-84,-85,3
266,272,Harris Wins,-6,-10,17
258,280,Harris Wins,-22,-25,6
265,273,Harris Wins,-8,-10,18
263,275,Harris Wins,-12,-15,16
263,275,Harris Wins,-12,-15,17
263,275,Harris Wins,-12,-15,18
266,272,Harris Wins,-6,-10,19
256,282,Harris Wins,-26,-30,19
251,287,Harris Wins,-36,-40,14
206,332,Harris Wins,-126,-130,3
255,283,Harris Wins,-28,-30,20
244,294,Harris Wins,-50,-50,12
253,285,Harris Wins,-32,-35,5
247,291,Harris Wins,-44,-45,5
246,292,Harris Wins,-46,-50,13
205,333,Harris Wins,-128,-130,4
266,272,Harris Wins,-6,-10,20
259,279,Harris Wins,-20,-20,20
267,271,Harris Wins,-4,-5,12
253,285,Harris Wins,-32,-35,6
264,274,Harris Wins,-10,-10,21
240,298,Harris Wins,-58,-60,13
249,289,Harris Wins,-40,-40,15
229,309,Harris Wins,-80,-80,6
241,297,Harris Wins,-56,-60,14
254,284,Harris Wins,-30,-30,21
241,297,Harris Wins,-56,-60,15
266,272,Harris Wins,-6,-10,22
216,322,Harris Wins,-106,-110,7
263,275,Harris Wins,-12,-15,19
261,277,Harris Wins,-16,-20,21
234,304,Harris Wins,-70,-70,11
235,303,Harris Wins,-68,-70,12
230,308,Harris Wins,-78,-80,7
250,288,Harris Wins,-38,-40,16
266,272,Harris Wins,-6,-10,23
249,289,Harris Wins,-40,-40,17
261,277,Harris Wins,-16,-20,22
240,298,Harris Wins,-58,-60,16
262,276,Harris Wins,-14,-15,20
261,277,Harris Wins,-16,-20,23
264,274,Harris Wins,-10,-10,24
239,299,Harris Wins,-60,-60,17
204,334,Harris Wins,-130,-130,5
240,298,Harris Wins,-58,-60,18
251,287,Harris Wins,-36,-40,18
236,302,Harris Wins,-66,-70,13
236,302,Harris Wins,-66,-70,14
240,298,Harris Wins,-58,-60,19
262,276,Harris Wins,-14,-15,21
147,391,Harris Wins,-244,-245,1
252,286,Harris Wins,-34,-35,7
262,276,Harris Wins,-14,-15,22
257,281,Harris Wins,-24,-25,7
265,273,Harris Wins,-8,-10,25
249,289,Harris Wins,-40,-40,19
200,338,Harris Wins,-138,-140,1
260,278,Harris Wins,-18,-20,24
265,273,Harris Wins,-8,-10,26
265,273,Harris Wins,-8,-10,27
224,314,Harris Wins,-90,-90,7
234,304,Harris Wins,-70,-70,15
239,299,Harris Wins,-60,-60,20
189,349,Harris Wins,-160,-160,1
230,308,Harris Wins,-78,-80,8
216,322,Harris Wins,-106,-110,8
238,300,Harris Wins,-62,-65,6
206,332,Harris Wins,-126,-130,6
256,282,Harris Wins,-26,-30,22
266,272,Harris Wins,-6,-10,28
265,273,Harris Wins,-8,-10,29
266,272,Harris Wins,-6,-10,30
265,273,Harris Wins,-8,-10,31
261,277,Harris Wins,-16,-20,25
230,308,Harris Wins,-78,-80,9
263,275,Harris Wins,-12,-15,23
206,332,Harris Wins,-126,-130,7
252,286,Harris Wins,-34,-35,8
260,278,Harris Wins,-18,-20,26
245,293,Harris Wins,-48,-50,14
253,285,Harris Wins,-32,-35,9
254,284,Harris Wins,-30,-30,23
250,288,Harris Wins,-38,-40,20
265,273,Harris Wins,-8,-10,32
261,277,Harris Wins,-16,-20,27
265,273,Harris Wins,-8,-10,33
268,270,Harris Wins,-2,-5,13
229,309,Harris Wins,-80,-80,10
240,298,Harris Wins,-58,-60,21
267,271,Harris Wins,-4,-5,14
266,272,Harris Wins,-6,-10,34
241,297,Harris Wins,-56,-60,22
230,308,Harris Wins,-78,-80,11
240,298,Harris Wins,-58,-60,23
206,332,Harris Wins,-126,-130,8
252,286,Harris Wins,-34,-35,10
248,290,Harris Wins,-42,-45,6
212,326,Harris Wins,-114,-115,2
261,277,Harris Wins,-16,-20,28
265,273,Harris Wins,-8,-10,35
224,314,Harris Wins,-90,-90,8
240,298,Harris Wins,-58,-60,24
262,276,Harris Wins,-14,-15,24
244,294,Harris Wins,-50,-50,15
233,305,Harris Wins,-72,-75,3
257,281,Harris Wins,-24,-25,8
206,332,Harris Wins,-126,-130,9
266,272,Harris Wins,-6,-10,36
257,281,Harris Wins,-24,-25,9
239,299,Harris Wins,-60,-60,25
263,275,Harris Wins,-12,-15,25
264,274,Harris Wins,-10,-10,37
229,309,Harris Wins,-80,-80,12
239,299,Harris Wins,-60,-60,26
262,276,Harris Wins,-14,-15,26
259,279,Harris Wins,-20,-20,29
216,322,Harris Wins,-106,-110,9
263,275,Harris Wins,-12,-15,27
266,272,Harris Wins,-6,-10,38
252,286,Harris Wins,-34,-35,11
246,292,Harris Wins,-46,-50,16
240,298,Harris Wins,-58,-60,27
236,302,Harris Wins,-66,-70,16
249,289,Harris Wins,-40,-40,21
262,276,Harris Wins,-14,-15,28
265,273,Harris Wins,-8,-10,39
240,298,Harris Wins,-58,-60,28
204,334,Harris Wins,-130,-130,10
193,345,Harris Wins,-152,-155,1
235,303,Harris Wins,-68,-70,17
245,293,Harris Wins,-48,-50,17
222,316,Harris Wins,-94,-95,6
230,308,Harris Wins,-78,-80,13
245,293,Harris Wins,-48,-50,18
230,308,Harris Wins,-78,-80,14
267,271,Harris Wins,-4,-5,15
249,289,Harris Wins,-40,-40,22
264,274,Harris Wins,-10,-10,40
218,320,Harris Wins,-102,-105,3
256,282,Harris Wins,-26,-30,24
266,272,Harris Wins,-6,-10,41
262,276,Harris Wins,-14,-15,29
214,324,Harris Wins,-110,-110,10
261,277,Harris Wins,-16,-20,30
260,278,Harris Wins,-18,-20,31
258,280,Harris Wins,-22,-25,10
240,298,Harris Wins,-58,-60,29
191,347,Harris Wins,-156,-160,2
247,291,Harris Wins,-44,-45,7
188,350,Harris Wins,-162,-165,1
262,276,Harris Wins,-14,-15,30
228,310,Harris Wins,-82,-85,4
179,359,Harris Wins,-180,-180,1
249,289,Harris Wins,-40,-40,23
230,308,Harris Wins,-78,-80,15
260,278,Harris Wins,-18,-20,32
237,301,Harris Wins,-64,-65,7
248,290,Harris Wins,-42,-45,8
209,329,Harris Wins,-120,-120,5
265,273,Harris Wins,-8,-10,42
257,281,Harris Wins,-24,-25,11
246,292,Harris Wins,-46,-50,19
247,291,Harris Wins,-44,-45,9
179,359,Harris Wins,-180,-180,2
246,292,Harris Wins,-46,-50,20
245,293,Harris Wins,-48,-50,21
228,310,Harris Wins,-82,-85,5
206,332,Harris Wins,-126,-130,11
234,304,Harris Wins,-70,-70,18
242,296,Harris Wins,-54,-55,3
261,277,Harris Wins,-16,-20,33
268,270,Harris Wins,-2,-5,16
235,303,Harris Wins,-68,-70,19
204,334,Harris Wins,-130,-130,12
258,280,Harris Wins,-22,-25,12
179,359,Harris Wins,-180,-180,3
260,278,Harris Wins,-18,-20,34
262,276,Harris Wins,-14,-15,31
253,285,Harris Wins,-32,-35,12
251,287,Harris Wins,-36,-40,24
265,273,Harris Wins,-8,-10,43
205,333,Harris Wins,-128,-130,13
268,270,Harris Wins,-2,-5,17
266,272,Harris Wins,-6,-10,44
239,299,Harris Wins,-60,-60,30
244,294,Harris Wins,-50,-50,22
259,279,Harris Wins,-20,-20,35
221,317,Harris Wins,-96,-100,3
222,316,Harris Wins,-94,-95,7
228,310,Harris Wins,-82,-85,6
261,277,Harris Wins,-16,-20,36
256,282,Harris Wins,-26,-30,25
252,286,Harris Wins,-34,-35,13
205,333,Harris Wins,-128,-130,14
238,300,Harris Wins,-62,-65,8
257,281,Harris Wins,-24,-25,13
230,308,Harris Wins,-78,-80,16
231,307,Harris Wins,-76,-80,17
230,308,Harris Wins,-78,-80,18
254,284,Harris Wins,-30,-30,26
242,296,Harris Wins,-54,-55,4
251,287,Harris Wins,-36,-40,25
267,271,Harris Wins,-4,-5,18
264,274,Harris Wins,-10,-10,45
235,303,Harris Wins,-68,-70,20
261,277,Harris Wins,-16,-20,37
254,284,Harris Wins,-30,-30,27
234,304,Harris Wins,-70,-70,21
266,272,Harris Wins,-6,-10,46
255,283,Harris Wins,-28,-30,28
252,286,Harris Wins,-34,-35,14
256,282,Harris Wins,-26,-30,29
248,290,Harris Wins,-42,-45,10
258,280,Harris Wins,-22,-25,14
254,284,Harris Wins,-30,-30,30
229,309,Harris Wins,-80,-80,19
251,287,Harris Wins,-36,-40,26
245,293,Harris Wins,-48,-50,23
256,282,Harris Wins,-26,-30,31
261,277,Harris Wins,-16,-20,38
262,276,Harris Wins,-14,-15,32
267,271,Harris Wins,-4,-5,19
205,333,Harris Wins,-128,-130,15
184,354,Harris Wins,-170,-170,1
258,280,Harris Wins,-22,-25,15
249,289,Harris Wins,-40,-40,27
246,292,Harris Wins,-46,-50,24
262,276,Harris Wins,-14,-15,33
251,287,Harris Wins,-36,-40,28
254,284,Harris Wins,-30,-30,32
248,290,Harris Wins,-42,-45,11
267,271,Harris Wins,-4,-5,20
257,281,Harris Wins,-24,-25,16
262,276,Harris Wins,-14,-15,34
253,285,Harris Wins,-32,-35,15
235,303,Harris Wins,-68,-70,22
234,304,Harris Wins,-70,-70,23
268,270,Harris Wins,-2,-5,21
220,318,Harris Wins,-98,-100,4
266,272,Harris Wins,-6,-10,47
256,282,Harris Wins,-26,-30,33
242,296,Harris Wins,-54,-55,5
230,308,Harris Wins,-78,-80,20
265,273,Harris Wins,-8,-10,48
259,279,Harris Wins,-20,-20,39
238,300,Harris Wins,-62,-65,9
199,339,Harris Wins,-140,-140,2
249,289,Harris Wins,-40,-40,29
253,285,Harris Wins,-32,-35,16
229,309,Harris Wins,-80,-80,21
256,282,Harris Wins,-26,-30,34
251,287,Harris Wins,-36,-40,30
250,288,Harris Wins,-38,-40,31
269,269,No Winner,0,0,1
269,269,No Winner,0,0,2
269,269,No Winner,0,0,3
269,269,No Winner,0,0,4
269,269,No Winner,0,0,5
269,269,No Winner,0,0,6
269,269,No Winner,0,0,7
269,269,No Winner,0,0,8
269,269,No Winner,0,0,9
