Republican EVs,Democrat EVs,Outcome,Electoral Margin,Binned Margin,Sample
279,259,Trump Wins,20,25,1
301,237,Trump Wins,64,65,1
278,260,Trump Wins,18,20,1
296,242,Trump Wins,54,55,1
312,226,Trump Wins,86,90,1
286,252,Trump Wins,34,35,1
292,246,Trump Wins,46,50,1
272,266,Trump Wins,6,10,1
312,226,Trump Wins,86,90,2
271,267,Trump Wins,4,5,1
283,255,Trump Wins,28,30,1
310,228,Trump Wins,82,85,1
313,225,Trump Wins,88,90,3
273,265,Trump Wins,8,10,2
300,238,Trump Wins,62,65,2
290,248,Trump Wins,42,45,1
287,251,Trump Wins,36,40,1
270,268,Trump Wins,2,5,2
280,258,Trump Wins,22,25,2
282,256,Trump Wins,26,30,2
279,259,Trump Wins,20,25,3
314,224,Trump Wins,90,95,1
285,253,Trump Wins,32,35,2
293,245,Trump Wins,48,50,2
291,247,Trump Wins,44,45,2
283,255,Trump Wins,28,30,3
287,251,Trump Wins,36,40,2
272,266,Trump Wins,6,10,3
301,237,Trump Wins,64,65,3
275,263,Trump Wins,12,15,1
272,266,Trump Wins,6,10,4
272,266,Trump Wins,6,10,5
270,268,Trump Wins,2,5,3
298,240,Trump Wins,58,60,1
280,258,Trump Wins,22,25,4
277,261,Trump Wins,16,20,2
281,257,Trump Wins,24,25,5
300,238,Trump Wins,62,65,4
296,242,Trump Wins,54,55,2
276,262,Trump Wins,14,15,2
277,261,Trump Wins,16,20,3
289,249,Trump Wins,40,45,3
297,241,Trump Wins,56,60,2
270,268,Trump Wins,2,5,4
297,241,Trump Wins,56,60,3
271,267,Trump Wins,4,5,5
297,241,Trump Wins,56,60,4
296,242,Trump Wins,54,55,3
283,255,Trump Wins,28,30,4
296,242,Trump Wins,54,55,4
306,232,Trump Wins,74,75,1
297,241,Trump Wins,56,60,5
280,258,Trump Wins,22,25,6
311,227,Trump Wins,84,85,2
281,257,Trump Wins,24,25,7
296,242,Trump Wins,54,55,5
303,235,Trump Wins,68,70,1
299,239,Trump Wins,60,65,5
300,238,Trump Wins,62,65,6
317,221,Trump Wins,96,100,1
297,241,Trump Wins,56,60,6
285,253,Trump Wins,32,35,3
288,250,Trump Wins,38,40,3
280,258,Trump Wins,22,25,8
314,224,Trump Wins,90,95,2
306,232,Trump Wins,74,75,2
283,255,Trump Wins,28,30,5
320,218,Trump Wins,102,105,1
295,243,Trump Wins,52,55,6
270,268,Trump Wins,2,5,6
287,251,Trump Wins,36,40,4
315,223,Trump Wins,92,95,3
279,259,Trump Wins,20,25,9
270,268,Trump Wins,2,5,7
315,223,Trump Wins,92,95,4
276,262,Trump Wins,14,15,3
293,245,Trump Wins,48,50,3
282,256,Trump Wins,26,30,6
286,252,Trump Wins,34,35,4
291,247,Trump Wins,44,45,4
315,223,Trump Wins,92,95,5
297,241,Trump Wins,56,60,7
281,257,Trump Wins,24,25,10
307,231,Trump Wins,76,80,1
296,242,Trump Wins,54,55,7
287,251,Trump Wins,36,40,5
286,252,Trump Wins,34,35,5
272,266,Trump Wins,6,10,6
271,267,Trump Wins,4,5,8
277,261,Trump Wins,16,20,4
301,237,Trump Wins,64,65,7
311,227,Trump Wins,84,85,3
300,238,Trump Wins,62,65,8
302,236,Trump Wins,66,70,2
287,251,Trump Wins,36,40,6
290,248,Trump Wins,42,45,5
276,262,Trump Wins,14,15,4
307,231,Trump Wins,76,80,2
275,263,Trump Wins,12,15,5
306,232,Trump Wins,74,75,3
288,250,Trump Wins,38,40,7
279,259,Trump Wins,20,25,11
311,227,Trump Wins,84,85,4
278,260,Trump Wins,18,20,5
290,248,Trump Wins,42,45,6
297,241,Trump Wins,56,60,8
291,247,Trump Wins,44,45,7
271,267,Trump Wins,4,5,9
303,235,Trump Wins,68,70,3
296,242,Trump Wins,54,55,8
287,251,Trump Wins,36,40,8
279,259,Trump Wins,20,25,12
287,251,Trump Wins,36,40,9
288,250,Trump Wins,38,40,10
280,258,Trump Wins,22,25,13
306,232,Trump Wins,74,75,4
306,232,Trump Wins,74,75,5
281,257,Trump Wins,24,25,14
270,268,Trump Wins,2,5,10
312,226,Trump Wins,86,90,4
272,266,Trump Wins,6,10,7
301,237,Trump Wins,64,65,9
270,268,Trump Wins,2,5,11
275,263,Trump Wins,12,15,6
296,242,Trump Wins,54,55,9
302,236,Trump Wins,66,70,4
296,242,Trump Wins,54,55,10
271,267,Trump Wins,4,5,12
302,236,Trump Wins,66,70,5
272,266,Trump Wins,6,10,8
302,236,Trump Wins,66,70,6
315,223,Trump Wins,92,95,6
291,247,Trump Wins,44,45,8
281,257,Trump Wins,24,25,15
312,226,Trump Wins,86,90,5
278,260,Trump Wins,18,20,6
299,239,Trump Wins,60,65,10
286,252,Trump Wins,34,35,6
297,241,Trump Wins,56,60,9
290,248,Trump Wins,42,45,9
283,255,Trump Wins,28,30,7
276,262,Trump Wins,14,15,7
295,243,Trump Wins,52,55,11
297,241,Trump Wins,56,60,10
297,241,Trump Wins,56,60,11
303,235,Trump Wins,68,70,7
288,250,Trump Wins,38,40,11
300,238,Trump Wins,62,65,11
287,251,Trump Wins,36,40,12
271,267,Trump Wins,4,5,13
305,233,Trump Wins,72,75,6
292,246,Trump Wins,46,50,4
286,252,Trump Wins,34,35,7
296,242,Trump Wins,54,55,12
281,257,Trump Wins,24,25,16
312,226,Trump Wins,86,90,6
277,261,Trump Wins,16,20,7
279,259,Trump Wins,20,25,17
285,253,Trump Wins,32,35,8
277,261,Trump Wins,16,20,8
274,264,Trump Wins,10,15,8
297,241,Trump Wins,56,60,12
273,265,Trump Wins,8,10,9
296,242,Trump Wins,54,55,13
285,253,Trump Wins,32,35,9
279,259,Trump Wins,20,25,18
291,247,Trump Wins,44,45,10
301,237,Trump Wins,64,65,12
296,242,Trump Wins,54,55,14
279,259,Trump Wins,20,25,19
271,267,Trump Wins,4,5,14
280,258,Trump Wins,22,25,20
307,231,Trump Wins,76,80,3
306,232,Trump Wins,74,75,7
286,252,Trump Wins,34,35,10
287,251,Trump Wins,36,40,13
287,251,Trump Wins,36,40,14
306,232,Trump Wins,74,75,8
287,251,Trump Wins,36,40,15
287,251,Trump Wins,36,40,16
271,267,Trump Wins,4,5,15
277,261,Trump Wins,16,20,9
291,247,Trump Wins,44,45,11
312,226,Trump Wins,86,90,7
271,267,Trump Wins,4,5,16
297,241,Trump Wins,56,60,13
291,247,Trump Wins,44,45,12
275,263,Trump Wins,12,15,9
294,244,Trump Wins,50,55,15
281,257,Trump Wins,24,25,21
308,230,Trump Wins,78,80,4
299,239,Trump Wins,60,65,13
298,240,Trump Wins,58,60,14
287,251,Trump Wins,36,40,17
297,241,Trump Wins,56,60,15
298,240,Trump Wins,58,60,16
272,266,Trump Wins,6,10,10
313,225,Trump Wins,88,90,8
287,251,Trump Wins,36,40,18
282,256,Trump Wins,26,30,8
278,260,Trump Wins,18,20,10
291,247,Trump Wins,44,45,13
286,252,Trump Wins,34,35,11
302,236,Trump Wins,66,70,8
293,245,Trump Wins,48,50,5
281,257,Trump Wins,24,25,22
272,266,Trump Wins,6,10,11
282,256,Trump Wins,26,30,9
316,222,Trump Wins,94,95,7
293,245,Trump Wins,48,50,6
297,241,Trump Wins,56,60,17
296,242,Trump Wins,54,55,16
287,251,Trump Wins,36,40,19
295,243,Trump Wins,52,55,17
270,268,Trump Wins,2,5,17
287,251,Trump Wins,36,40,20
281,257,Trump Wins,24,25,23
293,245,Trump Wins,48,50,7
286,252,Trump Wins,34,35,12
287,251,Trump Wins,36,40,21
271,267,Trump Wins,4,5,18
292,246,Trump Wins,46,50,8
272,266,Trump Wins,6,10,12
272,266,Trump Wins,6,10,13
297,241,Trump Wins,56,60,18
276,262,Trump Wins,14,15,10
275,263,Trump Wins,12,15,11
289,249,Trump Wins,40,45,14
281,257,Trump Wins,24,25,24
271,267,Trump Wins,4,5,19
280,258,Trump Wins,22,25,25
287,251,Trump Wins,36,40,22
283,255,Trump Wins,28,30,10
287,251,Trump Wins,36,40,23
289,249,Trump Wins,40,45,15
296,242,Trump Wins,54,55,18
296,242,Trump Wins,54,55,19
323,215,Trump Wins,108,110,1
271,267,Trump Wins,4,5,20
274,264,Trump Wins,10,15,12
286,252,Trump Wins,34,35,13
300,238,Trump Wins,62,65,14
281,257,Trump Wins,24,25,26
272,266,Trump Wins,6,10,14
277,261,Trump Wins,16,20,11
305,233,Trump Wins,72,75,9
278,260,Trump Wins,18,20,12
316,222,Trump Wins,94,95,8
281,257,Trump Wins,24,25,27
281,257,Trump Wins,24,25,28
307,231,Trump Wins,76,80,5
280,258,Trump Wins,22,25,29
291,247,Trump Wins,44,45,16
302,236,Trump Wins,66,70,9
289,249,Trump Wins,40,45,17
296,242,Trump Wins,54,55,20
297,241,Trump Wins,56,60,19
302,236,Trump Wins,66,70,10
282,256,Trump Wins,26,30,11
297,241,Trump Wins,56,60,20
272,266,Trump Wins,6,10,15
280,258,Trump Wins,22,25,30
285,253,Trump Wins,32,35,14
282,256,Trump Wins,26,30,12
271,267,Trump Wins,4,5,21
270,268,Trump Wins,2,5,22
294,244,Trump Wins,50,55,21
307,231,Trump Wins,76,80,6
280,258,Trump Wins,22,25,31
276,262,Trump Wins,14,15,13
271,267,Trump Wins,4,5,23
271,267,Trump Wins,4,5,24
272,266,Trump Wins,6,10,16
283,255,Trump Wins,28,30,13
281,257,Trump Wins,24,25,32
317,221,Trump Wins,96,100,2
283,255,Trump Wins,28,30,14
319,219,Trump Wins,100,105,2
297,241,Trump Wins,56,60,21
297,241,Trump Wins,56,60,22
272,266,Trump Wins,6,10,17
291,247,Trump Wins,44,45,18
279,259,Trump Wins,20,25,33
280,258,Trump Wins,22,25,34
272,266,Trump Wins,6,10,18
302,236,Trump Wins,66,70,11
291,247,Trump Wins,44,45,19
296,242,Trump Wins,54,55,22
278,260,Trump Wins,18,20,13
291,247,Trump Wins,44,45,20
301,237,Trump Wins,64,65,15
288,250,Trump Wins,38,40,24
293,245,Trump Wins,48,50,9
272,266,Trump Wins,6,10,19
277,261,Trump Wins,16,20,14
281,257,Trump Wins,24,25,35
281,257,Trump Wins,24,25,36
287,251,Trump Wins,36,40,25
297,241,Trump Wins,56,60,23
280,258,Trump Wins,22,25,37
281,257,Trump Wins,24,25,38
290,248,Trump Wins,42,45,21
283,255,Trump Wins,28,30,15
300,238,Trump Wins,62,65,16
278,260,Trump Wins,18,20,15
281,257,Trump Wins,24,25,39
301,237,Trump Wins,64,65,17
286,252,Trump Wins,34,35,15
276,262,Trump Wins,14,15,14
271,267,Trump Wins,4,5,25
303,235,Trump Wins,68,70,12
276,262,Trump Wins,14,15,15
285,253,Trump Wins,32,35,16
306,232,Trump Wins,74,75,10
275,263,Trump Wins,12,15,16
287,251,Trump Wins,36,40,26
281,257,Trump Wins,24,25,40
291,247,Trump Wins,44,45,22
290,248,Trump Wins,42,45,23
271,267,Trump Wins,4,5,26
273,265,Trump Wins,8,10,20
271,267,Trump Wins,4,5,27
312,226,Trump Wins,86,90,9
319,219,Trump Wins,100,105,3
293,245,Trump Wins,48,50,10
316,222,Trump Wins,94,95,9
275,263,Trump Wins,12,15,17
322,216,Trump Wins,106,110,2
287,251,Trump Wins,36,40,27
293,245,Trump Wins,48,50,11
275,263,Trump Wins,12,15,18
298,240,Trump Wins,58,60,24
300,238,Trump Wins,62,65,18
286,252,Trump Wins,34,35,17
275,263,Trump Wins,12,15,19
272,266,Trump Wins,6,10,21
292,246,Trump Wins,46,50,12
282,256,Trump Wins,26,30,16
296,242,Trump Wins,54,55,23
298,240,Trump Wins,58,60,25
297,241,Trump Wins,56,60,26
296,242,Trump Wins,54,55,24
270,268,Trump Wins,2,5,28
279,259,Trump Wins,20,25,41
293,245,Trump Wins,48,50,13
306,232,Trump Wins,74,75,11
286,252,Trump Wins,34,35,18
296,242,Trump Wins,54,55,25
310,228,Trump Wins,82,85,5
276,262,Trump Wins,14,15,20
291,247,Trump Wins,44,45,24
275,263,Trump Wins,12,15,21
291,247,Trump Wins,44,45,25
293,245,Trump Wins,48,50,14
275,263,Trump Wins,12,15,22
284,254,Trump Wins,30,35,19
286,252,Trump Wins,34,35,20
302,236,Trump Wins,66,70,13
293,245,Trump Wins,48,50,15
297,241,Trump Wins,56,60,27
272,266,Trump Wins,6,10,22
303,235,Trump Wins,68,70,14
285,253,Trump Wins,32,35,21
291,247,Trump Wins,44,45,26
293,245,Trump Wins,48,50,16
293,245,Trump Wins,48,50,17
277,261,Trump Wins,16,20,16
295,243,Trump Wins,52,55,26
272,266,Trump Wins,6,10,23
281,257,Trump Wins,24,25,42
270,268,Trump Wins,2,5,29
295,243,Trump Wins,52,55,27
302,236,Trump Wins,66,70,15
296,242,Trump Wins,54,55,28
311,227,Trump Wins,84,85,6
295,243,Trump Wins,52,55,29
316,222,Trump Wins,94,95,10
321,217,Trump Wins,104,105,4
308,230,Trump Wins,78,80,7
293,245,Trump Wins,48,50,18
277,261,Trump Wins,16,20,17
301,237,Trump Wins,64,65,19
306,232,Trump Wins,74,75,12
293,245,Trump Wins,48,50,19
271,267,Trump Wins,4,5,30
272,266,Trump Wins,6,10,24
279,259,Trump Wins,20,25,43
312,226,Trump Wins,86,90,10
295,243,Trump Wins,52,55,30
275,263,Trump Wins,12,15,23
289,249,Trump Wins,40,45,27
306,232,Trump Wins,74,75,13
287,251,Trump Wins,36,40,28
276,262,Trump Wins,14,15,24
281,257,Trump Wins,24,25,44
295,243,Trump Wins,52,55,31
291,247,Trump Wins,44,45,28
276,262,Trump Wins,14,15,25
306,232,Trump Wins,74,75,14
315,223,Trump Wins,92,95,11
301,237,Trump Wins,64,65,20
286,252,Trump Wins,34,35,22
282,256,Trump Wins,26,30,17
271,267,Trump Wins,4,5,31
280,258,Trump Wins,22,25,45
291,247,Trump Wins,44,45,29
319,219,Trump Wins,100,105,5
276,262,Trump Wins,14,15,26
286,252,Trump Wins,34,35,23
306,232,Trump Wins,74,75,15
282,256,Trump Wins,26,30,18
291,247,Trump Wins,44,45,30
287,251,Trump Wins,36,40,29
272,266,Trump Wins,6,10,25
302,236,Trump Wins,66,70,16
281,257,Trump Wins,24,25,46
275,263,Trump Wins,12,15,27
296,242,Trump Wins,54,55,32
308,230,Trump Wins,78,80,8
327,211,Trump Wins,116,120,1
272,266,Trump Wins,6,10,26
291,247,Trump Wins,44,45,31
271,267,Trump Wins,4,5,32
296,242,Trump Wins,54,55,33
296,242,Trump Wins,54,55,34
277,261,Trump Wins,16,20,18
297,241,Trump Wins,56,60,28
280,258,Trump Wins,22,25,47
275,263,Trump Wins,12,15,28
280,258,Trump Wins,22,25,48
312,226,Trump Wins,86,90,11
270,268,Trump Wins,2,5,33
276,262,Trump Wins,14,15,29
287,251,Trump Wins,36,40,30
270,268,Trump Wins,2,5,34
279,259,Trump Wins,20,25,49
288,250,Trump Wins,38,40,31
295,243,Trump Wins,52,55,35
283,255,Trump Wins,28,30,19
273,265,Trump Wins,8,10,27
285,253,Trump Wins,32,35,24
290,248,Trump Wins,42,45,32
303,235,Trump Wins,68,70,17
302,236,Trump Wins,66,70,18
305,233,Trump Wins,72,75,16
287,251,Trump Wins,36,40,32
296,242,Trump Wins,54,55,36
280,258,Trump Wins,22,25,50
286,252,Trump Wins,34,35,25
293,245,Trump Wins,48,50,20
270,268,Trump Wins,2,5,35
272,266,Trump Wins,6,10,28
291,247,Trump Wins,44,45,33
280,258,Trump Wins,22,25,51
296,242,Trump Wins,54,55,37
310,228,Trump Wins,82,85,7
306,232,Trump Wins,74,75,17
281,257,Trump Wins,24,25,52
312,226,Trump Wins,86,90,12
306,232,Trump Wins,74,75,18
273,265,Trump Wins,8,10,29
302,236,Trump Wins,66,70,19
301,237,Trump Wins,64,65,21
276,262,Trump Wins,14,15,30
281,257,Trump Wins,24,25,53
285,253,Trump Wins,32,35,26
291,247,Trump Wins,44,45,34
326,212,Trump Wins,114,115,1
311,227,Trump Wins,84,85,8
289,249,Trump Wins,40,45,35
275,263,Trump Wins,12,15,31
296,242,Trump Wins,54,55,38
296,242,Trump Wins,54,55,39
294,244,Trump Wins,50,55,40
287,251,Trump Wins,36,40,33
291,247,Trump Wins,44,45,36
302,236,Trump Wins,66,70,20
290,248,Trump Wins,42,45,37
302,236,Trump Wins,66,70,21
309,229,Trump Wins,80,85,9
287,251,Trump Wins,36,40,34
275,263,Trump Wins,12,15,32
274,264,Trump Wins,10,15,33
295,243,Trump Wins,52,55,41
312,226,Trump Wins,86,90,13
276,262,Trump Wins,14,15,34
282,256,Trump Wins,26,30,20
291,247,Trump Wins,44,45,38
287,251,Trump Wins,36,40,35
278,260,Trump Wins,18,20,19
297,241,Trump Wins,56,60,29
287,251,Trump Wins,36,40,36
287,251,Trump Wins,36,40,37
301,237,Trump Wins,64,65,22
281,257,Trump Wins,24,25,54
285,253,Trump Wins,32,35,27
320,218,Trump Wins,102,105,6
309,229,Trump Wins,80,85,10
296,242,Trump Wins,54,55,42
292,246,Trump Wins,46,50,21
335,203,Trump Wins,132,135,1
296,242,Trump Wins,54,55,43
278,260,Trump Wins,18,20,20
320,218,Trump Wins,102,105,7
291,247,Trump Wins,44,45,39
303,235,Trump Wins,68,70,22
281,257,Trump Wins,24,25,55
287,251,Trump Wins,36,40,38
277,261,Trump Wins,16,20,21
296,242,Trump Wins,54,55,44
301,237,Trump Wins,64,65,23
300,238,Trump Wins,62,65,24
286,252,Trump Wins,34,35,28
324,214,Trump Wins,110,115,2
298,240,Trump Wins,58,60,30
293,245,Trump Wins,48,50,22
301,237,Trump Wins,64,65,25
274,264,Trump Wins,10,15,35
270,268,Trump Wins,2,5,36
272,266,Trump Wins,6,10,30
296,242,Trump Wins,54,55,45
288,250,Trump Wins,38,40,39
281,257,Trump Wins,24,25,56
306,232,Trump Wins,74,75,19
282,256,Trump Wins,26,30,21
277,261,Trump Wins,16,20,22
290,248,Trump Wins,42,45,40
271,267,Trump Wins,4,5,37
302,236,Trump Wins,66,70,23
280,258,Trump Wins,22,25,57
275,263,Trump Wins,12,15,36
292,246,Trump Wins,46,50,23
312,226,Trump Wins,86,90,14
277,261,Trump Wins,16,20,23
298,240,Trump Wins,58,60,31
280,258,Trump Wins,22,25,58
296,242,Trump Wins,54,55,46
279,259,Trump Wins,20,25,59
278,260,Trump Wins,18,20,24
271,267,Trump Wins,4,5,38
312,226,Trump Wins,86,90,15
301,237,Trump Wins,64,65,26
275,263,Trump Wins,12,15,37
302,236,Trump Wins,66,70,24
292,246,Trump Wins,46,50,24
270,268,Trump Wins,2,5,39
315,223,Trump Wins,92,95,12
281,257,Trump Wins,24,25,60
295,243,Trump Wins,52,55,47
287,251,Trump Wins,36,40,40
272,266,Trump Wins,6,10,31
270,268,Trump Wins,2,5,40
286,252,Trump Wins,34,35,29
304,234,Trump Wins,70,75,20
276,262,Trump Wins,14,15,38
298,240,Trump Wins,58,60,32
275,263,Trump Wins,12,15,39
296,242,Trump Wins,54,55,48
287,251,Trump Wins,36,40,41
288,250,Trump Wins,38,40,42
300,238,Trump Wins,62,65,27
283,255,Trump Wins,28,30,22
301,237,Trump Wins,64,65,28
266,272,Harris Wins,-6,-10,1
261,277,Harris Wins,-16,-20,1
257,281,Harris Wins,-24,-25,1
246,292,Harris Wins,-46,-50,1
241,297,Harris Wins,-56,-60,1
229,309,Harris Wins,-80,-80,1
221,317,Harris Wins,-96,-100,1
254,284,Harris Wins,-30,-30,1
256,282,Harris Wins,-26,-30,2
246,292,Harris Wins,-46,-50,2
259,279,Harris Wins,-20,-20,2
238,300,Harris Wins,-62,-65,1
245,293,Harris Wins,-48,-50,3
266,272,Harris Wins,-6,-10,2
267,271,Harris Wins,-4,-5,1
254,284,Harris Wins,-30,-30,3
234,304,Harris Wins,-70,-70,1
266,272,Harris Wins,-6,-10,3
230,308,Harris Wins,-78,-80,2
261,277,Harris Wins,-16,-20,3
235,303,Harris Wins,-68,-70,2
246,292,Harris Wins,-46,-50,4
235,303,Harris Wins,-68,-70,3
229,309,Harris Wins,-80,-80,3
246,292,Harris Wins,-46,-50,5
262,276,Harris Wins,-14,-15,1
260,278,Harris Wins,-18,-20,4
266,272,Harris Wins,-6,-10,4
262,276,Harris Wins,-14,-15,2
256,282,Harris Wins,-26,-30,4
268,270,Harris Wins,-2,-5,2
241,297,Harris Wins,-56,-60,2
258,280,Harris Wins,-22,-25,2
212,326,Harris Wins,-114,-115,1
254,284,Harris Wins,-30,-30,5
219,319,Harris Wins,-100,-100,2
219,319,Harris Wins,-100,-100,3
255,283,Harris Wins,-28,-30,6
255,283,Harris Wins,-28,-30,7
267,271,Harris Wins,-4,-5,3
258,280,Harris Wins,-22,-25,3
265,273,Harris Wins,-8,-10,5
251,287,Harris Wins,-36,-40,1
266,272,Harris Wins,-6,-10,6
266,272,Harris Wins,-6,-10,7
264,274,Harris Wins,-10,-10,8
254,284,Harris Wins,-30,-30,8
234,304,Harris Wins,-70,-70,4
242,296,Harris Wins,-54,-55,1
262,276,Harris Wins,-14,-15,3
254,284,Harris Wins,-30,-30,9
257,281,Harris Wins,-24,-25,4
249,289,Harris Wins,-40,-40,2
196,342,Harris Wins,-146,-150,1
251,287,Harris Wins,-36,-40,3
240,298,Harris Wins,-58,-60,3
254,284,Harris Wins,-30,-30,10
245,293,Harris Wins,-48,-50,6
246,292,Harris Wins,-46,-50,7
246,292,Harris Wins,-46,-50,8
250,288,Harris Wins,-38,-40,4
268,270,Harris Wins,-2,-5,4
261,277,Harris Wins,-16,-20,5
251,287,Harris Wins,-36,-40,5
252,286,Harris Wins,-34,-35,1
266,272,Harris Wins,-6,-10,9
227,311,Harris Wins,-84,-85,1
251,287,Harris Wins,-36,-40,6
256,282,Harris Wins,-26,-30,11
247,291,Harris Wins,-44,-45,1
265,273,Harris Wins,-8,-10,10
265,273,Harris Wins,-8,-10,11
266,272,Harris Wins,-6,-10,12
235,303,Harris Wins,-68,-70,5
225,313,Harris Wins,-88,-90,1
236,302,Harris Wins,-66,-70,6
240,298,Harris Wins,-58,-60,4
251,287,Harris Wins,-36,-40,7
266,272,Harris Wins,-6,-10,13
229,309,Harris Wins,-80,-80,4
234,304,Harris Wins,-70,-70,7
251,287,Harris Wins,-36,-40,8
261,277,Harris Wins,-16,-20,6
251,287,Harris Wins,-36,-40,9
249,289,Harris Wins,-40,-40,10
264,274,Harris Wins,-10,-10,14
262,276,Harris Wins,-14,-15,4
255,283,Harris Wins,-28,-30,12
185,353,Harris Wins,-168,-170,1
262,276,Harris Wins,-14,-15,5
235,303,Harris Wins,-68,-70,8
231,307,Harris Wins,-76,-80,5
264,274,Harris Wins,-10,-10,15
265,273,Harris Wins,-8,-10,16
229,309,Harris Wins,-80,-80,6
238,300,Harris Wins,-62,-65,2
253,285,Harris Wins,-32,-35,2
264,274,Harris Wins,-10,-10,17
253,285,Harris Wins,-32,-35,3
214,324,Harris Wins,-110,-110,1
264,274,Harris Wins,-10,-10,18
230,308,Harris Wins,-78,-80,7
235,303,Harris Wins,-68,-70,9
257,281,Harris Wins,-24,-25,5
244,294,Harris Wins,-50,-50,9
268,270,Harris Wins,-2,-5,5
239,299,Harris Wins,-60,-60,5
254,284,Harris Wins,-30,-30,13
249,289,Harris Wins,-40,-40,11
244,294,Harris Wins,-50,-50,10
268,270,Harris Wins,-2,-5,6
264,274,Harris Wins,-10,-10,19
229,309,Harris Wins,-80,-80,8
245,293,Harris Wins,-48,-50,11
246,292,Harris Wins,-46,-50,12
246,292,Harris Wins,-46,-50,13
264,274,Harris Wins,-10,-10,20
227,311,Harris Wins,-84,-85,2
248,290,Harris Wins,-42,-45,2
224,314,Harris Wins,-90,-90,2
239,299,Harris Wins,-60,-60,6
231,307,Harris Wins,-76,-80,9
259,279,Harris Wins,-20,-20,7
245,293,Harris Wins,-48,-50,14
263,275,Harris Wins,-12,-15,6
234,304,Harris Wins,-70,-70,10
248,290,Harris Wins,-42,-45,3
254,284,Harris Wins,-30,-30,14
262,276,Harris Wins,-14,-15,7
245,293,Harris Wins,-48,-50,15
230,308,Harris Wins,-78,-80,10
261,277,Harris Wins,-16,-20,8
235,303,Harris Wins,-68,-70,11
244,294,Harris Wins,-50,-50,16
216,322,Harris Wins,-106,-110,2
265,273,Harris Wins,-8,-10,21
242,296,Harris Wins,-54,-55,2
252,286,Harris Wins,-34,-35,4
179,359,Harris Wins,-180,-180,1
257,281,Harris Wins,-24,-25,6
260,278,Harris Wins,-18,-20,9
247,291,Harris Wins,-44,-45,4
266,272,Harris Wins,-6,-10,22
240,298,Harris Wins,-58,-60,7
224,314,Harris Wins,-90,-90,3
262,276,Harris Wins,-14,-15,8
235,303,Harris Wins,-68,-70,12
264,274,Harris Wins,-10,-10,23
267,271,Harris Wins,-4,-5,7
246,292,Harris Wins,-46,-50,17
256,282,Harris Wins,-26,-30,15
252,286,Harris Wins,-34,-35,5
258,280,Harris Wins,-22,-25,7
264,274,Harris Wins,-10,-10,24
261,277,Harris Wins,-16,-20,10
230,308,Harris Wins,-78,-80,11
265,273,Harris Wins,-8,-10,25
236,302,Harris Wins,-66,-70,13
246,292,Harris Wins,-46,-50,18
261,277,Harris Wins,-16,-20,11
250,288,Harris Wins,-38,-40,12
244,294,Harris Wins,-50,-50,19
263,275,Harris Wins,-12,-15,9
265,273,Harris Wins,-8,-10,26
241,297,Harris Wins,-56,-60,8
266,272,Harris Wins,-6,-10,27
267,271,Harris Wins,-4,-5,8
256,282,Harris Wins,-26,-30,16
257,281,Harris Wins,-24,-25,8
260,278,Harris Wins,-18,-20,12
251,287,Harris Wins,-36,-40,13
242,296,Harris Wins,-54,-55,3
219,319,Harris Wins,-100,-100,4
230,308,Harris Wins,-78,-80,12
262,276,Harris Wins,-14,-15,10
265,273,Harris Wins,-8,-10,28
262,276,Harris Wins,-14,-15,11
231,307,Harris Wins,-76,-80,13
268,270,Harris Wins,-2,-5,9
249,289,Harris Wins,-40,-40,14
266,272,Harris Wins,-6,-10,29
261,277,Harris Wins,-16,-20,13
254,284,Harris Wins,-30,-30,17
256,282,Harris Wins,-26,-30,18
256,282,Harris Wins,-26,-30,19
241,297,Harris Wins,-56,-60,9
264,274,Harris Wins,-10,-10,30
245,293,Harris Wins,-48,-50,20
256,282,Harris Wins,-26,-30,20
251,287,Harris Wins,-36,-40,15
262,276,Harris Wins,-14,-15,12
241,297,Harris Wins,-56,-60,10
268,270,Harris Wins,-2,-5,10
261,277,Harris Wins,-16,-20,14
246,292,Harris Wins,-46,-50,21
259,279,Harris Wins,-20,-20,15
265,273,Harris Wins,-8,-10,31
241,297,Harris Wins,-56,-60,11
265,273,Harris Wins,-8,-10,32
265,273,Harris Wins,-8,-10,33
253,285,Harris Wins,-32,-35,6
255,283,Harris Wins,-28,-30,21
262,276,Harris Wins,-14,-15,13
262,276,Harris Wins,-14,-15,14
235,303,Harris Wins,-68,-70,14
256,282,Harris Wins,-26,-30,22
249,289,Harris Wins,-40,-40,16
206,332,Harris Wins,-126,-130,1
257,281,Harris Wins,-24,-25,9
251,287,Harris Wins,-36,-40,17
267,271,Harris Wins,-4,-5,11
235,303,Harris Wins,-68,-70,15
260,278,Harris Wins,-18,-20,16
230,308,Harris Wins,-78,-80,14
205,333,Harris Wins,-128,-130,2
261,277,Harris Wins,-16,-20,17
245,293,Harris Wins,-48,-50,22
266,272,Harris Wins,-6,-10,34
224,314,Harris Wins,-90,-90,4
219,319,Harris Wins,-100,-100,5
261,277,Harris Wins,-16,-20,18
245,293,Harris Wins,-48,-50,23
250,288,Harris Wins,-38,-40,18
205,333,Harris Wins,-128,-130,3
240,298,Harris Wins,-58,-60,12
262,276,Harris Wins,-14,-15,15
238,300,Harris Wins,-62,-65,3
264,274,Harris Wins,-10,-10,35
247,291,Harris Wins,-44,-45,5
262,276,Harris Wins,-14,-15,16
264,274,Harris Wins,-10,-10,36
262,276,Harris Wins,-14,-15,17
219,319,Harris Wins,-100,-100,6
235,303,Harris Wins,-68,-70,16
236,302,Harris Wins,-66,-70,17
257,281,Harris Wins,-24,-25,10
235,303,Harris Wins,-68,-70,18
268,270,Harris Wins,-2,-5,12
260,278,Harris Wins,-18,-20,19
253,285,Harris Wins,-32,-35,7
195,343,Harris Wins,-148,-150,2
231,307,Harris Wins,-76,-80,15
253,285,Harris Wins,-32,-35,8
261,277,Harris Wins,-16,-20,20
246,292,Harris Wins,-46,-50,24
251,287,Harris Wins,-36,-40,19
253,285,Harris Wins,-32,-35,9
268,270,Harris Wins,-2,-5,13
235,303,Harris Wins,-68,-70,19
262,276,Harris Wins,-14,-15,18
252,286,Harris Wins,-34,-35,10
265,273,Harris Wins,-8,-10,37
255,283,Harris Wins,-28,-30,23
266,272,Harris Wins,-6,-10,38
253,285,Harris Wins,-32,-35,11
234,304,Harris Wins,-70,-70,20
237,301,Harris Wins,-64,-65,4
261,277,Harris Wins,-16,-20,21
246,292,Harris Wins,-46,-50,25
245,293,Harris Wins,-48,-50,26
222,316,Harris Wins,-94,-95,1
267,271,Harris Wins,-4,-5,14
251,287,Harris Wins,-36,-40,20
264,274,Harris Wins,-10,-10,39
206,332,Harris Wins,-126,-130,4
245,293,Harris Wins,-48,-50,27
251,287,Harris Wins,-36,-40,21
267,271,Harris Wins,-4,-5,15
261,277,Harris Wins,-16,-20,22
234,304,Harris Wins,-70,-70,21
245,293,Harris Wins,-48,-50,28
230,308,Harris Wins,-78,-80,16
252,286,Harris Wins,-34,-35,12
238,300,Harris Wins,-62,-65,5
262,276,Harris Wins,-14,-15,19
206,332,Harris Wins,-126,-130,5
267,271,Harris Wins,-4,-5,16
245,293,Harris Wins,-48,-50,29
263,275,Harris Wins,-12,-15,20
266,272,Harris Wins,-6,-10,40
238,300,Harris Wins,-62,-65,6
238,300,Harris Wins,-62,-65,7
252,286,Harris Wins,-34,-35,13
246,292,Harris Wins,-46,-50,30
254,284,Harris Wins,-30,-30,24
267,271,Harris Wins,-4,-5,17
241,297,Harris Wins,-56,-60,13
237,301,Harris Wins,-64,-65,8
245,293,Harris Wins,-48,-50,31
265,273,Harris Wins,-8,-10,41
267,271,Harris Wins,-4,-5,18
267,271,Harris Wins,-4,-5,19
252,286,Harris Wins,-34,-35,14
241,297,Harris Wins,-56,-60,14
219,319,Harris Wins,-100,-100,7
261,277,Harris Wins,-16,-20,23
262,276,Harris Wins,-14,-15,21
265,273,Harris Wins,-8,-10,42
260,278,Harris Wins,-18,-20,24
230,308,Harris Wins,-78,-80,17
262,276,Harris Wins,-14,-15,22
250,288,Harris Wins,-38,-40,22
229,309,Harris Wins,-80,-80,18
230,308,Harris Wins,-78,-80,19
254,284,Harris Wins,-30,-30,25
246,292,Harris Wins,-46,-50,32
262,276,Harris Wins,-14,-15,23
251,287,Harris Wins,-36,-40,23
225,313,Harris Wins,-88,-90,5
262,276,Harris Wins,-14,-15,24
260,278,Harris Wins,-18,-20,25
265,273,Harris Wins,-8,-10,43
225,313,Harris Wins,-88,-90,6
252,286,Harris Wins,-34,-35,15
189,349,Harris Wins,-160,-160,1
249,289,Harris Wins,-40,-40,24
187,351,Harris Wins,-164,-165,1
255,283,Harris Wins,-28,-30,26
225,313,Harris Wins,-88,-90,7
264,274,Harris Wins,-10,-10,44
241,297,Harris Wins,-56,-60,15
218,320,Harris Wins,-102,-105,1
244,294,Harris Wins,-50,-50,33
229,309,Harris Wins,-80,-80,20
252,286,Harris Wins,-34,-35,16
245,293,Harris Wins,-48,-50,34
261,277,Harris Wins,-16,-20,26
230,308,Harris Wins,-78,-80,21
230,308,Harris Wins,-78,-80,22
256,282,Harris Wins,-26,-30,27
267,271,Harris Wins,-4,-5,20
265,273,Harris Wins,-8,-10,45
265,273,Harris Wins,-8,-10,46
246,292,Harris Wins,-46,-50,35
229,309,Harris Wins,-80,-80,23
223,315,Harris Wins,-92,-95,2
219,319,Harris Wins,-100,-100,8
250,288,Harris Wins,-38,-40,25
265,273,Harris Wins,-8,-10,47
262,276,Harris Wins,-14,-15,25
190,348,Harris Wins,-158,-160,2
251,287,Harris Wins,-36,-40,26
196,342,Harris Wins,-146,-150,3
265,273,Harris Wins,-8,-10,48
212,326,Harris Wins,-114,-115,2
256,282,Harris Wins,-26,-30,28
235,303,Harris Wins,-68,-70,22
246,292,Harris Wins,-46,-50,36
252,286,Harris Wins,-34,-35,17
257,281,Harris Wins,-24,-25,11
254,284,Harris Wins,-30,-30,29
268,270,Harris Wins,-2,-5,21
262,276,Harris Wins,-14,-15,26
268,270,Harris Wins,-2,-5,22
251,287,Harris Wins,-36,-40,27
257,281,Harris Wins,-24,-25,12
264,274,Harris Wins,-10,-10,49
234,304,Harris Wins,-70,-70,23
235,303,Harris Wins,-68,-70,24
251,287,Harris Wins,-36,-40,28
268,270,Harris Wins,-2,-5,23
256,282,Harris Wins,-26,-30,30
268,270,Harris Wins,-2,-5,24
235,303,Harris Wins,-68,-70,25
231,307,Harris Wins,-76,-80,24
225,313,Harris Wins,-88,-90,8
261,277,Harris Wins,-16,-20,27
236,302,Harris Wins,-66,-70,26
206,332,Harris Wins,-126,-130,6
258,280,Harris Wins,-22,-25,13
251,287,Harris Wins,-36,-40,29
253,285,Harris Wins,-32,-35,18
249,289,Harris Wins,-40,-40,30
244,294,Harris Wins,-50,-50,37
267,271,Harris Wins,-4,-5,25
261,277,Harris Wins,-16,-20,28
257,281,Harris Wins,-24,-25,14
256,282,Harris Wins,-26,-30,31
259,279,Harris Wins,-20,-20,29
266,272,Harris Wins,-6,-10,50
268,270,Harris Wins,-2,-5,26
261,277,Harris Wins,-16,-20,30
206,332,Harris Wins,-126,-130,7
242,296,Harris Wins,-54,-55,4
261,277,Harris Wins,-16,-20,31
254,284,Harris Wins,-30,-30,32
255,283,Harris Wins,-28,-30,33
256,282,Harris Wins,-26,-30,34
252,286,Harris Wins,-34,-35,19
245,293,Harris Wins,-48,-50,38
228,310,Harris Wins,-82,-85,3
257,281,Harris Wins,-24,-25,15
236,302,Harris Wins,-66,-70,27
246,292,Harris Wins,-46,-50,39
264,274,Harris Wins,-10,-10,51
267,271,Harris Wins,-4,-5,27
261,277,Harris Wins,-16,-20,32
246,292,Harris Wins,-46,-50,40
254,284,Harris Wins,-30,-30,35
255,283,Harris Wins,-28,-30,36
252,286,Harris Wins,-34,-35,20
218,320,Harris Wins,-102,-105,2
206,332,Harris Wins,-126,-130,8
261,277,Harris Wins,-16,-20,33
235,303,Harris Wins,-68,-70,28
250,288,Harris Wins,-38,-40,31
260,278,Harris Wins,-18,-20,34
254,284,Harris Wins,-30,-30,37
257,281,Harris Wins,-24,-25,16
251,287,Harris Wins,-36,-40,32
260,278,Harris Wins,-18,-20,35
262,276,Harris Wins,-14,-15,27
266,272,Harris Wins,-6,-10,52
252,286,Harris Wins,-34,-35,21
257,281,Harris Wins,-24,-25,17
268,270,Harris Wins,-2,-5,28
255,283,Harris Wins,-28,-30,38
240,298,Harris Wins,-58,-60,16
250,288,Harris Wins,-38,-40,33
241,297,Harris Wins,-56,-60,17
265,273,Harris Wins,-8,-10,53
230,308,Harris Wins,-78,-80,25
256,282,Harris Wins,-26,-30,39
262,276,Harris Wins,-14,-15,28
264,274,Harris Wins,-10,-10,54
228,310,Harris Wins,-82,-85,4
268,270,Harris Wins,-2,-5,29
269,269,No Winner,0,0,1
269,269,No Winner,0,0,2
269,269,No Winner,0,0,3
269,269,No Winner,0,0,4
269,269,No Winner,0,0,5
269,269,No Winner,0,0,6
269,269,No Winner,0,0,7
269,269,No Winner,0,0,8
269,269,No Winner,0,0,9
269,269,No Winner,0,0,10
