Republican EVs,Democrat EVs,Outcome,Electoral Margin,Sample,Binned Margin
287,251,Trump Wins,36,1,40
285,253,Trump Wins,32,1,35
287,251,Trump Wins,36,2,40
320,218,Trump Wins,102,1,105
287,251,Trump Wins,36,3,40
277,261,Trump Wins,16,1,20
276,262,Trump Wins,14,1,15
272,266,Trump Wins,6,1,10
285,253,Trump Wins,32,2,35
302,236,Trump Wins,66,1,70
306,232,Trump Wins,74,1,75
271,267,Trump Wins,4,1,5
277,261,Trump Wins,16,2,20
291,247,Trump Wins,44,1,45
302,236,Trump Wins,66,2,70
292,246,Trump Wins,46,1,50
291,247,Trump Wins,44,2,45
270,268,Trump Wins,2,2,5
272,266,Trump Wins,6,2,10
276,262,Trump Wins,14,2,15
283,255,Trump Wins,28,1,30
301,237,Trump Wins,64,1,65
276,262,Trump Wins,14,3,15
287,251,Trump Wins,36,4,40
295,243,Trump Wins,52,1,55
271,267,Trump Wins,4,3,5
270,268,Trump Wins,2,4,5
280,258,Trump Wins,22,1,25
296,242,Trump Wins,54,2,55
275,263,Trump Wins,12,4,15
287,251,Trump Wins,36,5,40
278,260,Trump Wins,18,3,20
334,204,Trump Wins,130,1,135
287,251,Trump Wins,36,6,40
287,251,Trump Wins,36,7,40
312,226,Trump Wins,86,1,90
280,258,Trump Wins,22,2,25
279,259,Trump Wins,20,3,25
291,247,Trump Wins,44,3,45
296,242,Trump Wins,54,3,55
309,229,Trump Wins,80,1,85
272,266,Trump Wins,6,3,10
283,255,Trump Wins,28,2,30
285,253,Trump Wins,32,3,35
290,248,Trump Wins,42,4,45
288,250,Trump Wins,38,8,40
274,264,Trump Wins,10,5,15
286,252,Trump Wins,34,4,35
275,263,Trump Wins,12,6,15
283,255,Trump Wins,28,3,30
293,245,Trump Wins,48,2,50
326,212,Trump Wins,114,1,115
312,226,Trump Wins,86,2,90
287,251,Trump Wins,36,9,40
300,238,Trump Wins,62,2,65
286,252,Trump Wins,34,5,35
301,237,Trump Wins,64,3,65
275,263,Trump Wins,12,7,15
309,229,Trump Wins,80,2,85
280,258,Trump Wins,22,4,25
282,256,Trump Wins,26,4,30
291,247,Trump Wins,44,5,45
281,257,Trump Wins,24,5,25
279,259,Trump Wins,20,6,25
301,237,Trump Wins,64,4,65
282,256,Trump Wins,26,5,30
297,241,Trump Wins,56,1,60
281,257,Trump Wins,24,7,25
270,268,Trump Wins,2,5,5
316,222,Trump Wins,94,1,95
287,251,Trump Wins,36,10,40
298,240,Trump Wins,58,2,60
292,246,Trump Wins,46,3,50
271,267,Trump Wins,4,6,5
291,247,Trump Wins,44,6,45
275,263,Trump Wins,12,8,15
291,247,Trump Wins,44,7,45
295,243,Trump Wins,52,4,55
277,261,Trump Wins,16,4,20
286,252,Trump Wins,34,6,35
276,262,Trump Wins,14,9,15
297,241,Trump Wins,56,3,60
305,233,Trump Wins,72,2,75
297,241,Trump Wins,56,4,60
296,242,Trump Wins,54,5,55
286,252,Trump Wins,34,7,35
301,237,Trump Wins,64,5,65
319,219,Trump Wins,100,2,105
287,251,Trump Wins,36,11,40
293,245,Trump Wins,48,4,50
276,262,Trump Wins,14,10,15
281,257,Trump Wins,24,8,25
276,262,Trump Wins,14,11,15
270,268,Trump Wins,2,7,5
307,231,Trump Wins,76,1,80
310,228,Trump Wins,82,3,85
297,241,Trump Wins,56,5,60
287,251,Trump Wins,36,12,40
302,236,Trump Wins,66,3,70
281,257,Trump Wins,24,9,25
291,247,Trump Wins,44,8,45
278,260,Trump Wins,18,5,20
287,251,Trump Wins,36,13,40
281,257,Trump Wins,24,10,25
330,208,Trump Wins,122,1,125
297,241,Trump Wins,56,6,60
270,268,Trump Wins,2,8,5
302,236,Trump Wins,66,4,70
304,234,Trump Wins,70,3,75
276,262,Trump Wins,14,12,15
277,261,Trump Wins,16,6,20
272,266,Trump Wins,6,4,10
276,262,Trump Wins,14,13,15
291,247,Trump Wins,44,9,45
279,259,Trump Wins,20,11,25
287,251,Trump Wins,36,14,40
297,241,Trump Wins,56,7,60
291,247,Trump Wins,44,10,45
281,257,Trump Wins,24,12,25
281,257,Trump Wins,24,13,25
296,242,Trump Wins,54,6,55
306,232,Trump Wins,74,4,75
283,255,Trump Wins,28,6,30
292,246,Trump Wins,46,5,50
278,260,Trump Wins,18,7,20
310,228,Trump Wins,82,4,85
295,243,Trump Wins,52,7,55
295,243,Trump Wins,52,8,55
273,265,Trump Wins,8,5,10
295,243,Trump Wins,52,9,55
298,240,Trump Wins,58,8,60
270,268,Trump Wins,2,9,5
296,242,Trump Wins,54,10,55
281,257,Trump Wins,24,14,25
287,251,Trump Wins,36,15,40
313,225,Trump Wins,88,3,90
300,238,Trump Wins,62,6,65
287,251,Trump Wins,36,16,40
317,221,Trump Wins,96,1,100
296,242,Trump Wins,54,11,55
295,243,Trump Wins,52,12,55
296,242,Trump Wins,54,13,55
286,252,Trump Wins,34,8,35
275,263,Trump Wins,12,14,15
292,246,Trump Wins,46,6,50
287,251,Trump Wins,36,17,40
270,268,Trump Wins,2,10,5
270,268,Trump Wins,2,11,5
329,209,Trump Wins,120,2,125
283,255,Trump Wins,28,7,30
291,247,Trump Wins,44,11,45
296,242,Trump Wins,54,14,55
288,250,Trump Wins,38,18,40
285,253,Trump Wins,32,9,35
297,241,Trump Wins,56,9,60
273,265,Trump Wins,8,6,10
296,242,Trump Wins,54,15,55
291,247,Trump Wins,44,12,45
296,242,Trump Wins,54,16,55
287,251,Trump Wins,36,19,40
305,233,Trump Wins,72,5,75
277,261,Trump Wins,16,8,20
281,257,Trump Wins,24,15,25
297,241,Trump Wins,56,10,60
295,243,Trump Wins,52,17,55
278,260,Trump Wins,18,9,20
270,268,Trump Wins,2,12,5
297,241,Trump Wins,56,11,60
297,241,Trump Wins,56,12,60
302,236,Trump Wins,66,5,70
291,247,Trump Wins,44,13,45
273,265,Trump Wins,8,7,10
281,257,Trump Wins,24,16,25
270,268,Trump Wins,2,13,5
281,257,Trump Wins,24,17,25
300,238,Trump Wins,62,7,65
281,257,Trump Wins,24,18,25
276,262,Trump Wins,14,15,15
313,225,Trump Wins,88,4,90
290,248,Trump Wins,42,14,45
297,241,Trump Wins,56,13,60
297,241,Trump Wins,56,14,60
295,243,Trump Wins,52,18,55
278,260,Trump Wins,18,10,20
291,247,Trump Wins,44,15,45
280,258,Trump Wins,22,19,25
272,266,Trump Wins,6,8,10
312,226,Trump Wins,86,5,90
291,247,Trump Wins,44,16,45
297,241,Trump Wins,56,15,60
306,232,Trump Wins,74,6,75
272,266,Trump Wins,6,9,10
278,260,Trump Wins,18,11,20
310,228,Trump Wins,82,5,85
274,264,Trump Wins,10,16,15
301,237,Trump Wins,64,8,65
285,253,Trump Wins,32,10,35
303,235,Trump Wins,68,6,70
281,257,Trump Wins,24,20,25
283,255,Trump Wins,28,8,30
302,236,Trump Wins,66,7,70
296,242,Trump Wins,54,19,55
287,251,Trump Wins,36,20,40
291,247,Trump Wins,44,17,45
282,256,Trump Wins,26,9,30
286,252,Trump Wins,34,11,35
286,252,Trump Wins,34,12,35
295,243,Trump Wins,52,20,55
296,242,Trump Wins,54,21,55
287,251,Trump Wins,36,21,40
290,248,Trump Wins,42,18,45
312,226,Trump Wins,86,6,90
301,237,Trump Wins,64,9,65
281,257,Trump Wins,24,21,25
296,242,Trump Wins,54,22,55
272,266,Trump Wins,6,10,10
299,239,Trump Wins,60,10,65
296,242,Trump Wins,54,23,55
293,245,Trump Wins,48,7,50
271,267,Trump Wins,4,14,5
278,260,Trump Wins,18,12,20
285,253,Trump Wins,32,13,35
291,247,Trump Wins,44,19,45
313,225,Trump Wins,88,7,90
271,267,Trump Wins,4,15,5
278,260,Trump Wins,18,13,20
281,257,Trump Wins,24,22,25
280,258,Trump Wins,22,23,25
290,248,Trump Wins,42,20,45
307,231,Trump Wins,76,2,80
281,257,Trump Wins,24,24,25
275,263,Trump Wins,12,17,15
275,263,Trump Wins,12,18,15
270,268,Trump Wins,2,16,5
270,268,Trump Wins,2,17,5
302,236,Trump Wins,66,8,70
283,255,Trump Wins,28,10,30
276,262,Trump Wins,14,19,15
280,258,Trump Wins,22,25,25
303,235,Trump Wins,68,9,70
286,252,Trump Wins,34,14,35
293,245,Trump Wins,48,8,50
277,261,Trump Wins,16,14,20
275,263,Trump Wins,12,20,15
291,247,Trump Wins,44,21,45
277,261,Trump Wins,16,15,20
270,268,Trump Wins,2,18,5
275,263,Trump Wins,12,21,15
297,241,Trump Wins,56,16,60
279,259,Trump Wins,20,26,25
276,262,Trump Wins,14,22,15
291,247,Trump Wins,44,22,45
282,256,Trump Wins,26,11,30
271,267,Trump Wins,4,19,5
274,264,Trump Wins,10,23,15
287,251,Trump Wins,36,22,40
309,229,Trump Wins,80,6,85
277,261,Trump Wins,16,16,20
281,257,Trump Wins,24,27,25
286,252,Trump Wins,34,15,35
302,236,Trump Wins,66,10,70
271,267,Trump Wins,4,20,5
290,248,Trump Wins,42,23,45
286,252,Trump Wins,34,16,35
291,247,Trump Wins,44,24,45
281,257,Trump Wins,24,28,25
292,246,Trump Wins,46,9,50
275,263,Trump Wins,12,24,15
270,268,Trump Wins,2,21,5
285,253,Trump Wins,32,17,35
293,245,Trump Wins,48,10,50
278,260,Trump Wins,18,17,20
288,250,Trump Wins,38,23,40
284,254,Trump Wins,30,18,35
281,257,Trump Wins,24,29,25
306,232,Trump Wins,74,7,75
307,231,Trump Wins,76,3,80
289,249,Trump Wins,40,25,45
297,241,Trump Wins,56,17,60
282,256,Trump Wins,26,12,30
281,257,Trump Wins,24,30,25
286,252,Trump Wins,34,19,35
288,250,Trump Wins,38,24,40
306,232,Trump Wins,74,8,75
290,248,Trump Wins,42,26,45
277,261,Trump Wins,16,18,20
312,226,Trump Wins,86,8,90
292,246,Trump Wins,46,11,50
296,242,Trump Wins,54,24,55
287,251,Trump Wins,36,25,40
278,260,Trump Wins,18,19,20
297,241,Trump Wins,56,18,60
309,229,Trump Wins,80,7,85
296,242,Trump Wins,54,25,55
283,255,Trump Wins,28,13,30
296,242,Trump Wins,54,26,55
308,230,Trump Wins,78,4,80
271,267,Trump Wins,4,22,5
301,237,Trump Wins,64,11,65
286,252,Trump Wins,34,20,35
306,232,Trump Wins,74,9,75
286,252,Trump Wins,34,21,35
280,258,Trump Wins,22,31,25
281,257,Trump Wins,24,32,25
271,267,Trump Wins,4,23,5
271,267,Trump Wins,4,24,5
302,236,Trump Wins,66,11,70
270,268,Trump Wins,2,25,5
301,237,Trump Wins,64,12,65
311,227,Trump Wins,84,8,85
315,223,Trump Wins,92,2,95
281,257,Trump Wins,24,33,25
291,247,Trump Wins,44,27,45
314,224,Trump Wins,90,3,95
293,245,Trump Wins,48,12,50
296,242,Trump Wins,54,27,55
287,251,Trump Wins,36,26,40
281,257,Trump Wins,24,34,25
302,236,Trump Wins,66,12,70
277,261,Trump Wins,16,20,20
277,261,Trump Wins,16,21,20
302,236,Trump Wins,66,13,70
293,245,Trump Wins,48,13,50
270,268,Trump Wins,2,26,5
286,252,Trump Wins,34,22,35
284,254,Trump Wins,30,23,35
312,226,Trump Wins,86,9,90
274,264,Trump Wins,10,25,15
272,266,Trump Wins,6,11,10
276,262,Trump Wins,14,26,15
271,267,Trump Wins,4,27,5
286,252,Trump Wins,34,24,35
301,237,Trump Wins,64,13,65
291,247,Trump Wins,44,28,45
278,260,Trump Wins,18,22,20
270,268,Trump Wins,2,28,5
276,262,Trump Wins,14,27,15
275,263,Trump Wins,12,28,15
306,232,Trump Wins,74,10,75
308,230,Trump Wins,78,5,80
312,226,Trump Wins,86,10,90
300,238,Trump Wins,62,14,65
298,240,Trump Wins,58,19,60
296,242,Trump Wins,54,28,55
297,241,Trump Wins,56,20,60
280,258,Trump Wins,22,35,25
297,241,Trump Wins,56,21,60
285,253,Trump Wins,32,25,35
275,263,Trump Wins,12,29,15
277,261,Trump Wins,16,23,20
296,242,Trump Wins,54,29,55
277,261,Trump Wins,16,24,20
281,257,Trump Wins,24,36,25
275,263,Trump Wins,12,30,15
280,258,Trump Wins,22,37,25
319,219,Trump Wins,100,3,105
298,240,Trump Wins,58,22,60
323,215,Trump Wins,108,1,110
281,257,Trump Wins,24,38,25
299,239,Trump Wins,60,15,65
296,242,Trump Wins,54,30,55
271,267,Trump Wins,4,29,5
271,267,Trump Wins,4,30,5
281,257,Trump Wins,24,39,25
318,220,Trump Wins,98,2,100
296,242,Trump Wins,54,31,55
282,256,Trump Wins,26,14,30
281,257,Trump Wins,24,40,25
310,228,Trump Wins,82,9,85
304,234,Trump Wins,70,11,75
291,247,Trump Wins,44,29,45
304,234,Trump Wins,70,12,75
270,268,Trump Wins,2,31,5
287,251,Trump Wins,36,27,40
279,259,Trump Wins,20,41,25
315,223,Trump Wins,92,4,95
281,257,Trump Wins,24,42,25
302,236,Trump Wins,66,14,70
293,245,Trump Wins,48,14,50
304,234,Trump Wins,70,13,75
317,221,Trump Wins,96,3,100
290,248,Trump Wins,42,30,45
287,251,Trump Wins,36,28,40
322,216,Trump Wins,106,2,110
281,257,Trump Wins,24,43,25
312,226,Trump Wins,86,11,90
312,226,Trump Wins,86,12,90
271,267,Trump Wins,4,32,5
282,256,Trump Wins,26,15,30
287,251,Trump Wins,36,29,40
325,213,Trump Wins,112,2,115
271,267,Trump Wins,4,33,5
270,268,Trump Wins,2,34,5
281,257,Trump Wins,24,44,25
272,266,Trump Wins,6,12,10
300,238,Trump Wins,62,16,65
272,266,Trump Wins,6,13,10
314,224,Trump Wins,90,5,95
276,262,Trump Wins,14,31,15
287,251,Trump Wins,36,30,40
276,262,Trump Wins,14,32,15
322,216,Trump Wins,106,3,110
306,232,Trump Wins,74,14,75
311,227,Trump Wins,84,10,85
307,231,Trump Wins,76,6,80
306,232,Trump Wins,74,15,75
282,256,Trump Wins,26,16,30
270,268,Trump Wins,2,35,5
294,244,Trump Wins,50,32,55
296,242,Trump Wins,54,33,55
293,245,Trump Wins,48,15,50
305,233,Trump Wins,72,16,75
281,257,Trump Wins,24,45,25
302,236,Trump Wins,66,15,70
270,268,Trump Wins,2,36,5
270,268,Trump Wins,2,37,5
304,234,Trump Wins,70,17,75
272,266,Trump Wins,6,14,10
325,213,Trump Wins,112,3,115
276,262,Trump Wins,14,33,15
281,257,Trump Wins,24,46,25
272,266,Trump Wins,6,15,10
325,213,Trump Wins,112,4,115
313,225,Trump Wins,88,13,90
271,267,Trump Wins,4,38,5
296,242,Trump Wins,54,34,55
281,257,Trump Wins,24,47,25
295,243,Trump Wins,52,35,55
314,224,Trump Wins,90,6,95
272,266,Trump Wins,6,16,10
297,241,Trump Wins,56,23,60
272,266,Trump Wins,6,17,10
272,266,Trump Wins,6,18,10
271,267,Trump Wins,4,39,5
279,259,Trump Wins,20,48,25
276,262,Trump Wins,14,34,15
276,262,Trump Wins,14,35,15
270,268,Trump Wins,2,40,5
287,251,Trump Wins,36,31,40
276,262,Trump Wins,14,36,15
281,257,Trump Wins,24,49,25
274,264,Trump Wins,10,37,15
291,247,Trump Wins,44,31,45
276,262,Trump Wins,14,38,15
274,264,Trump Wins,10,39,15
285,253,Trump Wins,32,26,35
274,264,Trump Wins,10,40,15
303,235,Trump Wins,68,16,70
309,229,Trump Wins,80,11,85
294,244,Trump Wins,50,36,55
285,253,Trump Wins,32,27,35
313,225,Trump Wins,88,14,90
347,191,Trump Wins,156,1,160
292,246,Trump Wins,46,16,50
281,257,Trump Wins,24,50,25
293,245,Trump Wins,48,17,50
307,231,Trump Wins,76,7,80
275,263,Trump Wins,12,41,15
276,262,Trump Wins,14,42,15
283,255,Trump Wins,28,17,30
277,261,Trump Wins,16,25,20
292,246,Trump Wins,46,18,50
319,219,Trump Wins,100,4,105
296,242,Trump Wins,54,37,55
292,246,Trump Wins,46,19,50
280,258,Trump Wins,22,51,25
282,256,Trump Wins,26,18,30
291,247,Trump Wins,44,32,45
287,251,Trump Wins,36,32,40
301,237,Trump Wins,64,17,65
277,261,Trump Wins,16,26,20
272,266,Trump Wins,6,19,10
286,252,Trump Wins,34,28,35
291,247,Trump Wins,44,33,45
275,263,Trump Wins,12,43,15
310,228,Trump Wins,82,12,85
301,237,Trump Wins,64,18,65
285,253,Trump Wins,32,29,35
275,263,Trump Wins,12,44,15
271,267,Trump Wins,4,41,5
270,268,Trump Wins,2,42,5
275,263,Trump Wins,12,45,15
275,263,Trump Wins,12,46,15
286,252,Trump Wins,34,30,35
275,263,Trump Wins,12,47,15
311,227,Trump Wins,84,13,85
311,227,Trump Wins,84,14,85
312,226,Trump Wins,86,15,90
278,260,Trump Wins,18,27,20
286,252,Trump Wins,34,31,35
272,266,Trump Wins,6,20,10
273,265,Trump Wins,8,21,10
276,262,Trump Wins,14,48,15
271,267,Trump Wins,4,43,5
297,241,Trump Wins,56,24,60
281,257,Trump Wins,24,52,25
286,252,Trump Wins,34,32,35
308,230,Trump Wins,78,8,80
306,232,Trump Wins,74,18,75
296,242,Trump Wins,54,38,55
277,261,Trump Wins,16,28,20
271,267,Trump Wins,4,44,5
293,245,Trump Wins,48,20,50
312,226,Trump Wins,86,16,90
278,260,Trump Wins,18,29,20
272,266,Trump Wins,6,22,10
302,236,Trump Wins,66,17,70
312,226,Trump Wins,86,17,90
286,252,Trump Wins,34,33,35
278,260,Trump Wins,18,30,20
286,252,Trump Wins,34,34,35
332,206,Trump Wins,126,1,130
282,256,Trump Wins,26,19,30
292,246,Trump Wins,46,21,50
282,256,Trump Wins,26,20,30
324,214,Trump Wins,110,5,115
277,261,Trump Wins,16,31,20
271,267,Trump Wins,4,45,5
281,257,Trump Wins,24,53,25
297,241,Trump Wins,56,25,60
274,264,Trump Wins,10,49,15
275,263,Trump Wins,12,50,15
306,232,Trump Wins,74,19,75
294,244,Trump Wins,50,39,55
286,252,Trump Wins,34,35,35
271,267,Trump Wins,4,46,5
312,226,Trump Wins,86,18,90
285,253,Trump Wins,32,36,35
275,263,Trump Wins,12,51,15
277,261,Trump Wins,16,32,20
277,261,Trump Wins,16,33,20
296,242,Trump Wins,54,40,55
305,233,Trump Wins,72,20,75
314,224,Trump Wins,90,7,95
271,267,Trump Wins,4,47,5
278,260,Trump Wins,18,34,20
296,242,Trump Wins,54,41,55
265,273,Harris Wins,-8,1,-10
246,292,Harris Wins,-46,1,-50
262,276,Harris Wins,-14,1,-15
246,292,Harris Wins,-46,2,-50
268,270,Harris Wins,-2,1,-5
266,272,Harris Wins,-6,2,-10
256,282,Harris Wins,-26,1,-30
264,274,Harris Wins,-10,3,-10
265,273,Harris Wins,-8,4,-10
262,276,Harris Wins,-14,2,-15
248,290,Harris Wins,-42,1,-45
268,270,Harris Wins,-2,2,-5
265,273,Harris Wins,-8,5,-10
262,276,Harris Wins,-14,3,-15
261,277,Harris Wins,-16,1,-20
267,271,Harris Wins,-4,3,-5
235,303,Harris Wins,-68,1,-70
259,279,Harris Wins,-20,2,-20
262,276,Harris Wins,-14,4,-15
251,287,Harris Wins,-36,1,-40
257,281,Harris Wins,-24,1,-25
267,271,Harris Wins,-4,4,-5
251,287,Harris Wins,-36,2,-40
210,328,Harris Wins,-118,1,-120
268,270,Harris Wins,-2,5,-5
246,292,Harris Wins,-46,3,-50
267,271,Harris Wins,-4,6,-5
267,271,Harris Wins,-4,7,-5
217,321,Harris Wins,-104,1,-105
204,334,Harris Wins,-130,1,-130
262,276,Harris Wins,-14,5,-15
267,271,Harris Wins,-4,8,-5
228,310,Harris Wins,-82,1,-85
235,303,Harris Wins,-68,2,-70
251,287,Harris Wins,-36,3,-40
262,276,Harris Wins,-14,6,-15
248,290,Harris Wins,-42,2,-45
252,286,Harris Wins,-34,1,-35
265,273,Harris Wins,-8,6,-10
262,276,Harris Wins,-14,7,-15
256,282,Harris Wins,-26,2,-30
262,276,Harris Wins,-14,8,-15
251,287,Harris Wins,-36,4,-40
261,277,Harris Wins,-16,3,-20
246,292,Harris Wins,-46,4,-50
199,339,Harris Wins,-140,1,-140
249,289,Harris Wins,-40,5,-40
266,272,Harris Wins,-6,7,-10
234,304,Harris Wins,-70,3,-70
265,273,Harris Wins,-8,8,-10
246,292,Harris Wins,-46,5,-50
222,316,Harris Wins,-94,1,-95
250,288,Harris Wins,-38,6,-40
264,274,Harris Wins,-10,9,-10
259,279,Harris Wins,-20,4,-20
159,379,Harris Wins,-220,1,-220
252,286,Harris Wins,-34,2,-35
251,287,Harris Wins,-36,7,-40
256,282,Harris Wins,-26,3,-30
254,284,Harris Wins,-30,4,-30
262,276,Harris Wins,-14,9,-15
230,308,Harris Wins,-78,1,-80
232,306,Harris Wins,-74,1,-75
268,270,Harris Wins,-2,9,-5
252,286,Harris Wins,-34,3,-35
243,295,Harris Wins,-52,1,-55
261,277,Harris Wins,-16,5,-20
253,285,Harris Wins,-32,4,-35
225,313,Harris Wins,-88,1,-90
268,270,Harris Wins,-2,10,-5
256,282,Harris Wins,-26,5,-30
251,287,Harris Wins,-36,8,-40
262,276,Harris Wins,-14,10,-15
249,289,Harris Wins,-40,9,-40
255,283,Harris Wins,-28,6,-30
249,289,Harris Wins,-40,10,-40
235,303,Harris Wins,-68,4,-70
246,292,Harris Wins,-46,6,-50
267,271,Harris Wins,-4,11,-5
256,282,Harris Wins,-26,7,-30
239,299,Harris Wins,-60,1,-60
241,297,Harris Wins,-56,2,-60
233,305,Harris Wins,-72,2,-75
235,303,Harris Wins,-68,5,-70
262,276,Harris Wins,-14,11,-15
245,293,Harris Wins,-48,7,-50
261,277,Harris Wins,-16,6,-20
249,289,Harris Wins,-40,11,-40
254,284,Harris Wins,-30,8,-30
251,287,Harris Wins,-36,12,-40
252,286,Harris Wins,-34,5,-35
246,292,Harris Wins,-46,8,-50
241,297,Harris Wins,-56,3,-60
223,315,Harris Wins,-92,2,-95
263,275,Harris Wins,-12,12,-15
251,287,Harris Wins,-36,13,-40
251,287,Harris Wins,-36,14,-40
262,276,Harris Wins,-14,13,-15
257,281,Harris Wins,-24,2,-25
243,295,Harris Wins,-52,2,-55
225,313,Harris Wins,-88,2,-90
266,272,Harris Wins,-6,10,-10
261,277,Harris Wins,-16,7,-20
262,276,Harris Wins,-14,14,-15
256,282,Harris Wins,-26,9,-30
254,284,Harris Wins,-30,10,-30
265,273,Harris Wins,-8,11,-10
230,308,Harris Wins,-78,2,-80
262,276,Harris Wins,-14,15,-15
246,292,Harris Wins,-46,9,-50
242,296,Harris Wins,-54,3,-55
249,289,Harris Wins,-40,15,-40
266,272,Harris Wins,-6,12,-10
256,282,Harris Wins,-26,11,-30
246,292,Harris Wins,-46,10,-50
254,284,Harris Wins,-30,12,-30
261,277,Harris Wins,-16,8,-20
246,292,Harris Wins,-46,11,-50
251,287,Harris Wins,-36,16,-40
246,292,Harris Wins,-46,12,-50
254,284,Harris Wins,-30,13,-30
256,282,Harris Wins,-26,14,-30
262,276,Harris Wins,-14,16,-15
229,309,Harris Wins,-80,3,-80
266,272,Harris Wins,-6,13,-10
238,300,Harris Wins,-62,1,-65
231,307,Harris Wins,-76,4,-80
262,276,Harris Wins,-14,17,-15
226,312,Harris Wins,-86,3,-90
240,298,Harris Wins,-58,4,-60
216,322,Harris Wins,-106,1,-110
245,293,Harris Wins,-48,13,-50
260,278,Harris Wins,-18,9,-20
246,292,Harris Wins,-46,14,-50
260,278,Harris Wins,-18,10,-20
266,272,Harris Wins,-6,14,-10
246,292,Harris Wins,-46,15,-50
261,277,Harris Wins,-16,11,-20
260,278,Harris Wins,-18,12,-20
268,270,Harris Wins,-2,12,-5
195,343,Harris Wins,-148,1,-150
246,292,Harris Wins,-46,16,-50
264,274,Harris Wins,-10,15,-10
242,296,Harris Wins,-54,4,-55
262,276,Harris Wins,-14,18,-15
222,316,Harris Wins,-94,3,-95
179,359,Harris Wins,-180,1,-180
257,281,Harris Wins,-24,3,-25
235,303,Harris Wins,-68,6,-70
250,288,Harris Wins,-38,17,-40
257,281,Harris Wins,-24,4,-25
264,274,Harris Wins,-10,16,-10
264,274,Harris Wins,-10,17,-10
261,277,Harris Wins,-16,13,-20
245,293,Harris Wins,-48,17,-50
239,299,Harris Wins,-60,5,-60
260,278,Harris Wins,-18,14,-20
239,299,Harris Wins,-60,6,-60
256,282,Harris Wins,-26,15,-30
239,299,Harris Wins,-60,7,-60
261,277,Harris Wins,-16,15,-20
254,284,Harris Wins,-30,16,-30
251,287,Harris Wins,-36,18,-40
260,278,Harris Wins,-18,16,-20
230,308,Harris Wins,-78,5,-80
262,276,Harris Wins,-14,19,-15
261,277,Harris Wins,-16,17,-20
218,320,Harris Wins,-102,2,-105
256,282,Harris Wins,-26,17,-30
204,334,Harris Wins,-130,2,-130
261,277,Harris Wins,-16,18,-20
262,276,Harris Wins,-14,20,-15
236,302,Harris Wins,-66,7,-70
221,317,Harris Wins,-96,1,-100
216,322,Harris Wins,-106,2,-110
266,272,Harris Wins,-6,18,-10
265,273,Harris Wins,-8,19,-10
265,273,Harris Wins,-8,20,-10
267,271,Harris Wins,-4,13,-5
235,303,Harris Wins,-68,8,-70
235,303,Harris Wins,-68,9,-70
250,288,Harris Wins,-38,19,-40
261,277,Harris Wins,-16,19,-20
268,270,Harris Wins,-2,14,-5
235,303,Harris Wins,-68,10,-70
268,270,Harris Wins,-2,15,-5
267,271,Harris Wins,-4,16,-5
235,303,Harris Wins,-68,11,-70
205,333,Harris Wins,-128,3,-130
256,282,Harris Wins,-26,18,-30
262,276,Harris Wins,-14,21,-15
261,277,Harris Wins,-16,20,-20
254,284,Harris Wins,-30,19,-30
266,272,Harris Wins,-6,21,-10
238,300,Harris Wins,-62,2,-65
252,286,Harris Wins,-34,6,-35
251,287,Harris Wins,-36,20,-40
257,281,Harris Wins,-24,5,-25
244,294,Harris Wins,-50,18,-50
224,314,Harris Wins,-90,4,-90
247,291,Harris Wins,-44,3,-45
246,292,Harris Wins,-46,19,-50
241,297,Harris Wins,-56,8,-60
247,291,Harris Wins,-44,4,-45
262,276,Harris Wins,-14,22,-15
262,276,Harris Wins,-14,23,-15
261,277,Harris Wins,-16,21,-20
244,294,Harris Wins,-50,20,-50
257,281,Harris Wins,-24,6,-25
249,289,Harris Wins,-40,21,-40
244,294,Harris Wins,-50,21,-50
254,284,Harris Wins,-30,20,-30
267,271,Harris Wins,-4,17,-5
268,270,Harris Wins,-2,18,-5
228,310,Harris Wins,-82,2,-85
234,304,Harris Wins,-70,12,-70
267,271,Harris Wins,-4,19,-5
246,292,Harris Wins,-46,22,-50
266,272,Harris Wins,-6,22,-10
256,282,Harris Wins,-26,21,-30
252,286,Harris Wins,-34,7,-35
256,282,Harris Wins,-26,22,-30
245,293,Harris Wins,-48,23,-50
249,289,Harris Wins,-40,22,-40
225,313,Harris Wins,-88,5,-90
263,275,Harris Wins,-12,24,-15
251,287,Harris Wins,-36,23,-40
267,271,Harris Wins,-4,20,-5
213,325,Harris Wins,-112,1,-115
246,292,Harris Wins,-46,24,-50
255,283,Harris Wins,-28,23,-30
260,278,Harris Wins,-18,22,-20
219,319,Harris Wins,-100,2,-100
268,270,Harris Wins,-2,21,-5
259,279,Harris Wins,-20,23,-20
268,270,Harris Wins,-2,22,-5
218,320,Harris Wins,-102,3,-105
230,308,Harris Wins,-78,6,-80
243,295,Harris Wins,-52,5,-55
260,278,Harris Wins,-18,24,-20
230,308,Harris Wins,-78,7,-80
245,293,Harris Wins,-48,25,-50
265,273,Harris Wins,-8,23,-10
234,304,Harris Wins,-70,13,-70
260,278,Harris Wins,-18,25,-20
254,284,Harris Wins,-30,24,-30
246,292,Harris Wins,-46,26,-50
198,340,Harris Wins,-142,1,-145
262,276,Harris Wins,-14,25,-15
246,292,Harris Wins,-46,27,-50
235,303,Harris Wins,-68,14,-70
268,270,Harris Wins,-2,23,-5
206,332,Harris Wins,-126,4,-130
251,287,Harris Wins,-36,24,-40
253,285,Harris Wins,-32,8,-35
267,271,Harris Wins,-4,24,-5
265,273,Harris Wins,-8,24,-10
268,270,Harris Wins,-2,25,-5
230,308,Harris Wins,-78,8,-80
252,286,Harris Wins,-34,9,-35
241,297,Harris Wins,-56,9,-60
266,272,Harris Wins,-6,25,-10
257,281,Harris Wins,-24,7,-25
228,310,Harris Wins,-82,3,-85
261,277,Harris Wins,-16,26,-20
266,272,Harris Wins,-6,26,-10
252,286,Harris Wins,-34,10,-35
256,282,Harris Wins,-26,25,-30
254,284,Harris Wins,-30,26,-30
268,270,Harris Wins,-2,26,-5
205,333,Harris Wins,-128,5,-130
241,297,Harris Wins,-56,10,-60
238,300,Harris Wins,-62,3,-65
222,316,Harris Wins,-94,4,-95
246,292,Harris Wins,-46,28,-50
232,306,Harris Wins,-74,3,-75
234,304,Harris Wins,-70,15,-70
255,283,Harris Wins,-28,27,-30
231,307,Harris Wins,-76,9,-80
262,276,Harris Wins,-14,26,-15
254,284,Harris Wins,-30,28,-30
266,272,Harris Wins,-6,27,-10
251,287,Harris Wins,-36,25,-40
249,289,Harris Wins,-40,26,-40
252,286,Harris Wins,-34,11,-35
207,331,Harris Wins,-124,1,-125
244,294,Harris Wins,-50,29,-50
205,333,Harris Wins,-128,6,-130
246,292,Harris Wins,-46,30,-50
210,328,Harris Wins,-118,2,-120
241,297,Harris Wins,-56,11,-60
248,290,Harris Wins,-42,5,-45
244,294,Harris Wins,-50,31,-50
268,270,Harris Wins,-2,27,-5
254,284,Harris Wins,-30,29,-30
256,282,Harris Wins,-26,30,-30
219,319,Harris Wins,-100,3,-100
245,293,Harris Wins,-48,32,-50
261,277,Harris Wins,-16,27,-20
268,270,Harris Wins,-2,28,-5
268,270,Harris Wins,-2,29,-5
251,287,Harris Wins,-36,27,-40
267,271,Harris Wins,-4,30,-5
251,287,Harris Wins,-36,28,-40
268,270,Harris Wins,-2,31,-5
235,303,Harris Wins,-68,16,-70
256,282,Harris Wins,-26,31,-30
221,317,Harris Wins,-96,4,-100
235,303,Harris Wins,-68,17,-70
257,281,Harris Wins,-24,8,-25
261,277,Harris Wins,-16,28,-20
265,273,Harris Wins,-8,28,-10
224,314,Harris Wins,-90,6,-90
232,306,Harris Wins,-74,4,-75
230,308,Harris Wins,-78,10,-80
245,293,Harris Wins,-48,33,-50
240,298,Harris Wins,-58,12,-60
262,276,Harris Wins,-14,27,-15
259,279,Harris Wins,-20,29,-20
245,293,Harris Wins,-48,34,-50
262,276,Harris Wins,-14,28,-15
241,297,Harris Wins,-56,13,-60
253,285,Harris Wins,-32,12,-35
219,319,Harris Wins,-100,5,-100
250,288,Harris Wins,-38,29,-40
227,311,Harris Wins,-84,4,-85
235,303,Harris Wins,-68,18,-70
246,292,Harris Wins,-46,35,-50
265,273,Harris Wins,-8,29,-10
248,290,Harris Wins,-42,6,-45
251,287,Harris Wins,-36,30,-40
235,303,Harris Wins,-68,19,-70
267,271,Harris Wins,-4,32,-5
245,293,Harris Wins,-48,36,-50
242,296,Harris Wins,-54,6,-55
265,273,Harris Wins,-8,30,-10
265,273,Harris Wins,-8,31,-10
232,306,Harris Wins,-74,5,-75
261,277,Harris Wins,-16,30,-20
236,302,Harris Wins,-66,20,-70
238,300,Harris Wins,-62,4,-65
246,292,Harris Wins,-46,37,-50
254,284,Harris Wins,-30,32,-30
267,271,Harris Wins,-4,33,-5
254,284,Harris Wins,-30,33,-30
241,297,Harris Wins,-56,14,-60
213,325,Harris Wins,-112,2,-115
241,297,Harris Wins,-56,15,-60
252,286,Harris Wins,-34,13,-35
255,283,Harris Wins,-28,34,-30
231,307,Harris Wins,-76,11,-80
262,276,Harris Wins,-14,29,-15
250,288,Harris Wins,-38,31,-40
224,314,Harris Wins,-90,7,-90
266,272,Harris Wins,-6,32,-10
247,291,Harris Wins,-44,7,-45
261,277,Harris Wins,-16,31,-20
265,273,Harris Wins,-8,33,-10
268,270,Harris Wins,-2,34,-5
225,313,Harris Wins,-88,8,-90
230,308,Harris Wins,-78,12,-80
262,276,Harris Wins,-14,30,-15
260,278,Harris Wins,-18,32,-20
251,287,Harris Wins,-36,32,-40
241,297,Harris Wins,-56,16,-60
256,282,Harris Wins,-26,35,-30
245,293,Harris Wins,-48,38,-50
265,273,Harris Wins,-8,34,-10
249,289,Harris Wins,-40,33,-40
261,277,Harris Wins,-16,33,-20
256,282,Harris Wins,-26,36,-30
200,338,Harris Wins,-138,2,-140
265,273,Harris Wins,-8,35,-10
262,276,Harris Wins,-14,31,-15
262,276,Harris Wins,-14,32,-15
257,281,Harris Wins,-24,9,-25
265,273,Harris Wins,-8,36,-10
256,282,Harris Wins,-26,37,-30
240,298,Harris Wins,-58,17,-60
230,308,Harris Wins,-78,13,-80
219,319,Harris Wins,-100,6,-100
259,279,Harris Wins,-20,34,-20
241,297,Harris Wins,-56,18,-60
257,281,Harris Wins,-24,10,-25
221,317,Harris Wins,-96,7,-100
256,282,Harris Wins,-26,38,-30
244,294,Harris Wins,-50,39,-50
252,286,Harris Wins,-34,14,-35
267,271,Harris Wins,-4,35,-5
261,277,Harris Wins,-16,35,-20
219,319,Harris Wins,-100,8,-100
230,308,Harris Wins,-78,14,-80
260,278,Harris Wins,-18,36,-20
260,278,Harris Wins,-18,37,-20
265,273,Harris Wins,-8,37,-10
235,303,Harris Wins,-68,21,-70
268,270,Harris Wins,-2,36,-5
261,277,Harris Wins,-16,38,-20
251,287,Harris Wins,-36,34,-40
266,272,Harris Wins,-6,38,-10
240,298,Harris Wins,-58,19,-60
262,276,Harris Wins,-14,33,-15
264,274,Harris Wins,-10,39,-10
262,276,Harris Wins,-14,34,-15
238,300,Harris Wins,-62,5,-65
245,293,Harris Wins,-48,40,-50
245,293,Harris Wins,-48,41,-50
266,272,Harris Wins,-6,40,-10
252,286,Harris Wins,-34,15,-35
253,285,Harris Wins,-32,16,-35
267,271,Harris Wins,-4,37,-5
249,289,Harris Wins,-40,35,-40
255,283,Harris Wins,-28,39,-30
245,293,Harris Wins,-48,42,-50
266,272,Harris Wins,-6,41,-10
251,287,Harris Wins,-36,36,-40
262,276,Harris Wins,-14,35,-15
256,282,Harris Wins,-26,40,-30
181,357,Harris Wins,-176,2,-180
264,274,Harris Wins,-10,42,-10
252,286,Harris Wins,-34,17,-35
224,314,Harris Wins,-90,9,-90
262,276,Harris Wins,-14,36,-15
235,303,Harris Wins,-68,22,-70
245,293,Harris Wins,-48,43,-50
246,292,Harris Wins,-46,44,-50
267,271,Harris Wins,-4,38,-5
256,282,Harris Wins,-26,41,-30
241,297,Harris Wins,-56,20,-60
201,337,Harris Wins,-136,3,-140
244,294,Harris Wins,-50,45,-50
246,292,Harris Wins,-46,46,-50
251,287,Harris Wins,-36,37,-40
265,273,Harris Wins,-8,43,-10
265,273,Harris Wins,-8,44,-10
252,286,Harris Wins,-34,18,-35
256,282,Harris Wins,-26,42,-30
208,330,Harris Wins,-122,2,-125
267,271,Harris Wins,-4,39,-5
248,290,Harris Wins,-42,8,-45
262,276,Harris Wins,-14,37,-15
246,292,Harris Wins,-46,47,-50
245,293,Harris Wins,-48,48,-50
239,299,Harris Wins,-60,21,-60
242,296,Harris Wins,-54,7,-55
266,272,Harris Wins,-6,45,-10
267,271,Harris Wins,-4,40,-5
255,283,Harris Wins,-28,43,-30
251,287,Harris Wins,-36,38,-40
245,293,Harris Wins,-48,49,-50
260,278,Harris Wins,-18,39,-20
251,287,Harris Wins,-36,39,-40
269,269,No Winner,0,1,0
269,269,No Winner,0,2,0
269,269,No Winner,0,3,0
269,269,No Winner,0,4,0
269,269,No Winner,0,5,0
269,269,No Winner,0,6,0
269,269,No Winner,0,7,0
269,269,No Winner,0,8,0
269,269,No Winner,0,9,0
269,269,No Winner,0,10,0
269,269,No Winner,0,11,0
